epoch,spike_count,isi_mean,isi_std,v_var,dvdt_max,label
0,4,0.5755208333333334,0.5382913919178415,7.108335806037842e-10,0.0164040048840048,0
1,3,0.685546875,0.568359375,4.6202048633939656e-10,0.0097023687423687,0
2,3,0.724609375,0.185546875,4.986072325873148e-10,0.0090021978021978,0
3,6,0.34765625,0.400233391383234,6.272277582616981e-10,0.0070017094017094,0
4,1,0.0,0.0,5.652570591229587e-10,0.0077018803418803,0
5,6,0.24921875,0.3074136851672758,9.160909679453634e-10,0.0109026617826617,0
6,3,0.111328125,0.001953125,7.086519214509713e-10,0.0137033455433455,0
7,10,0.1393229166666666,0.2018775127767591,9.366739087907243e-10,0.0088021489621489,0
8,4,0.59765625,0.2908692130297424,6.79277210418465e-10,0.0120029304029304,0
9,3,0.46875,0.39453125,5.384916535099683e-10,0.0088021489621489,0
10,3,0.81640625,0.20703125,6.688393458139336e-10,0.0175042735042735,0
11,3,0.115234375,0.099609375,1.0060184230113258e-09,0.0106025885225885,0
12,6,0.32109375,0.1698100386277266,8.865150407289256e-10,0.0085020757020757,0
13,10,0.1866319444444444,0.1864643142533421,1.047392474275487e-09,0.0105025641025641,0
14,2,0.328125,0.0,6.142003797738686e-10,0.0101024664224664,0
15,3,0.048828125,0.013671875,7.119840654868126e-10,0.0070017094017094,0
16,6,0.3796875,0.4700723535564765,6.592270145169068e-10,0.0088021489621489,0
17,1,0.0,0.0,7.173257728674967e-10,0.0079019291819291,0
18,10,0.1931423611111111,0.2825557502108878,1.0686995722023194e-09,0.0083020268620268,0
19,2,0.9921875,0.0,6.160645869952189e-10,0.0130031746031746,0
20,1,0.0,0.0,5.346302185130023e-10,0.0069016849816849,0
21,2,0.37109375,0.0,7.681601237018476e-10,0.009302271062271,0
22,6,0.209375,0.2192043273053134,6.814958844320107e-10,0.0101024664224664,0
23,4,0.5768229166666666,0.23838439821172,7.919384516010545e-10,0.0237057875457875,0
24,4,0.51953125,0.3700162536900124,8.243856738605478e-10,0.0069016849816849,0
25,8,0.2393973214285714,0.302603581233993,1.1353958577459035e-09,0.0065015873015873,0
26,3,0.42578125,0.3359375,6.498481202693657e-10,0.0054013186813186,0
27,12,0.1725852272727272,0.3053688213064404,1.0804070762303932e-09,0.0199048595848595,0
28,9,0.16552734375,0.177217843823108,5.8069240734591e-09,0.0456111355311355,0
29,9,0.2109375,0.4196628925213367,1.1488637619947716e-09,0.0375091575091575,0
30,63,0.0308719758064516,0.0211024949836195,3.916754528042588e-09,0.0527128693528693,0
31,68,0.0288013059701492,0.0168971918252123,6.038877847325649e-09,0.0670163614163614,0
32,43,0.0379464285714285,0.0400297446174064,3.217611318990668e-09,0.0666162637362637,0
33,11,0.13359375,0.2218722491026649,1.292276533668475e-09,0.0186045421245421,0
34,14,0.1481370192307692,0.1311983137346365,9.91670425806472e-10,0.0168041025641025,0
35,15,0.1336495535714285,0.1918509012243152,1.1735941382017961e-09,0.0246060073260073,0
36,12,0.1487926136363636,0.186211649628898,9.075441638070416e-10,0.0199048595848595,0
37,6,0.3625,0.36347357140427,7.202994597740475e-10,0.0148036141636141,0
38,19,0.0983072916666666,0.1037119796518574,1.3606801826582047e-09,0.0195047619047619,0
39,8,0.1768973214285714,0.2107794783192815,1.1927427945413866e-09,0.0246060073260073,0
40,19,0.1078559027777777,0.1519321969981625,1.3828749360800642e-09,0.0188045909645909,0
41,9,0.1865234375,0.2570103970216887,9.943275995473795e-10,0.0365089133089133,0
42,10,0.1996527777777778,0.256331528969848,9.239932371356936e-10,0.0197048107448107,0
43,8,0.2566964285714285,0.2169158827732503,6.592251538737343e-10,0.0180043956043956,0
44,7,0.2194010416666666,0.2326697586859707,8.279507290739546e-10,0.0151036874236874,0
45,6,0.12734375,0.104629181517395,8.30782797449464e-10,0.0153037362637362,0
46,8,0.1171875,0.1405784893322816,8.462956108574811e-10,0.0209051037851037,0
47,8,0.20703125,0.3024254976694673,7.167059504055841e-10,0.0298072771672771,0
48,11,0.167578125,0.234599176643143,9.44406371433901e-10,0.0206050305250305,0
49,5,0.3359375,0.1574417442485672,7.57471503798484e-10,0.0237057875457875,0
50,11,0.133984375,0.1427684944852264,9.926653498554252e-10,0.0235057387057387,0
51,5,0.2470703125,0.2520874611592779,7.938353642122527e-10,0.011202735042735,0
52,11,0.183984375,0.2134289352463499,9.817514354731042e-10,0.0265064713064713,0
53,12,0.1633522727272727,0.2791102820651611,1.2012896633217715e-09,0.0839204884004884,0
54,14,0.1012620192307692,0.1056128993825793,1.2370648546715968e-09,0.0240058608058608,0
55,7,0.2421875,0.184285046029525,1.00643761339732e-09,0.0234057142857142,0
56,5,0.4130859375,0.5832580336153592,6.063348569758824e-10,0.0120029304029304,0
57,10,0.1532118055555555,0.132400527534289,6.378436488555534e-10,0.0153037362637362,0
58,4,0.0377604166666666,0.0205052288385724,5.544707219672877e-10,0.0087021245421245,0
59,12,0.1342329545454545,0.1501219534806246,7.962350878330731e-10,0.02240547008547,0
60,8,0.2271205357142857,0.1999170247999077,1.0774440238167915e-09,0.0192046886446886,0
61,32,0.0631300403225806,0.0447596537788171,2.092576006953296e-09,0.0332081074481074,0
62,21,0.0919921875,0.0974879408983771,2.079939864944443e-09,0.029307155067155,0
63,11,0.13046875,0.1607097903637174,1.879110704110704e-09,0.0329080341880341,0
64,19,0.0896267361111111,0.0765296333028037,1.5915071597549275e-09,0.0363088644688644,0
65,16,0.1072916666666666,0.0980862062822659,1.4941220471039607e-09,0.0403098412698412,0
66,19,0.1091579861111111,0.1851545661761874,1.2564969670409803e-09,0.0416101587301587,0
67,13,0.1474609375,0.1283439935657588,1.1355019004300707e-09,0.0282068864468864,0
68,14,0.1292067307692307,0.1713515133477721,1.0346491423314336e-09,0.0232056654456654,0
69,15,0.1149553571428571,0.189964242227572,1.464237774333928e-09,0.0284069352869352,0
70,13,0.1311848958333333,0.1660842255120017,1.4663827255302183e-09,0.0315076923076923,0
71,9,0.21142578125,0.4104883212102088,1.4747410025469203e-09,0.0144035164835164,0
72,18,0.0556066176470588,0.0424862070216805,1.125433255567184e-09,0.0289070573870573,0
73,11,0.040234375,0.0445398155139379,1.363115995768239e-09,0.032407912087912,0
74,6,0.29375,0.3055216945805568,7.832795511366938e-10,0.0525128205128205,0
75,26,0.079375,0.0878947568473228,1.398990640388305e-09,0.0285069597069597,0
76,13,0.1233723958333333,0.1117835887445888,1.145013832702706e-09,0.0269065689865689,0
77,8,0.2215401785714285,0.1819863894862114,7.070999761604728e-10,0.0168041025641025,0
78,7,0.171875,0.1991165996279462,9.269411668006561e-10,0.0358087423687423,0
79,20,0.0929276315789473,0.087663760087695,1.2407992913086775e-09,0.0352085958485958,0
80,4,0.3854166666666667,0.3081126480085607,1.1682548417953635e-09,0.028106862026862,0
81,13,0.1461588541666666,0.1294325031089828,1.025232435971046e-09,0.0305074481074481,0
82,10,0.1684027777777778,0.1448820869081726,1.0223195970463026e-09,0.0247060317460317,0
83,17,0.111328125,0.1035708873715847,1.166521300060677e-09,0.0307074969474969,0
84,24,0.0784646739130434,0.0883276276815481,1.468035091392463e-09,0.0299073015873015,0
85,8,0.1919642857142857,0.1105924859257616,1.097744580758832e-09,0.0291071062271062,0
86,13,0.1435546875,0.1318913849449189,1.3713292975254967e-09,0.0296072283272283,0
87,19,0.0928819444444444,0.1342507623977564,1.4640902250391715e-09,0.0338082539682539,0
88,13,0.1442057291666666,0.0966676304210106,1.061502196176246e-09,0.0365089133089133,0
89,18,0.1015625,0.1570578838621992,1.0439579954475215e-09,0.0287070085470085,0
90,7,0.3033854166666667,0.3860320256486356,9.024722287213702e-10,0.0340083028083028,0
91,11,0.1890625,0.2496653032999879,1.027558161900252e-09,0.0384093772893772,0
92,14,0.1207932692307692,0.0841496380818844,1.4133583138219122e-09,0.0368089865689865,0
93,24,0.078125,0.0697060196682404,1.9360631036054567e-09,0.0427104273504273,0
94,20,0.0921052631578947,0.1001315870521817,2.1763465675553588e-09,0.0441107692307692,0
95,29,0.0680803571428571,0.082610020925058,2.9450978813616164e-09,0.0520126984126984,0
96,34,0.0582386363636363,0.0438935394347095,3.3425764769185672e-09,0.0669163369963369,0
97,16,0.0934895833333333,0.0668028394429375,1.1207007390672683e-09,0.0215052503052503,0
98,13,0.1555989583333333,0.1189946738083191,1.138516958257114e-09,0.0188045909645909,0
99,14,0.1180889423076923,0.095488609247998,1.0090246044930682e-09,0.0258063003663003,0
100,22,0.0844494047619047,0.0705237833992427,1.3687239469190591e-09,0.0208050793650793,0
101,20,0.1009457236842105,0.1458519140175569,2.291588357757085e-09,0.0253061782661782,0
102,14,0.1322115384615384,0.2047643613595141,1.0585130522458816e-09,0.0315076923076923,0
103,20,0.072985197368421,0.0546882728971896,1.7577869180490514e-09,0.0318077655677655,0
104,13,0.0895182291666666,0.1677828605392826,1.0660936182699575e-09,0.0185045177045177,0
105,11,0.165625,0.2779329129512417,8.256297115328706e-10,0.016203956043956,0
106,7,0.2708333333333333,0.3232813590838117,6.559816381831606e-10,0.0120029304029304,0
107,9,0.21630859375,0.180987753733071,9.042413556207051e-10,0.0222054212454212,0
108,7,0.2552083333333333,0.1804454500350952,7.262943548214265e-10,0.0149036385836385,0
109,9,0.22998046875,0.2619477593850548,7.071452791819663e-10,0.0169041269841269,0
110,9,0.16259765625,0.1248463640189999,7.584315426806268e-10,0.0207050549450549,0
111,24,0.077445652173913,0.0733388938004122,1.3726323138010411e-09,0.0275067155067155,0
112,17,0.0556640625,0.0362908284688711,1.491467764202711e-09,0.0328080097680097,0
113,7,0.3203125,0.3646647044610809,8.47623701265242e-10,0.0129031501831501,0
114,5,0.271484375,0.207095729935269,5.80161180151164e-10,0.0125030525030525,0
115,8,0.23828125,0.1774290327509746,8.964221229459895e-10,0.013103199023199,0
116,1,0.0,0.0,3.936532855732146e-10,0.010002442002442,0
117,1,0.0,0.0,4.381930910376423e-10,0.0101024664224664,0
118,5,0.2626953125,0.210346666029362,4.927754352891714e-10,0.0089021733821733,0
119,4,0.27734375,0.1851249314230122,5.219200555180981e-10,0.023105641025641,0
120,3,0.3984375,0.1796875,6.567470380657193e-10,0.0101024664224664,0
121,1,0.0,0.0,4.546131930747314e-10,0.0114027838827838,0
122,7,0.2578125,0.1786940380784755,7.3130778883984e-10,0.0132032234432234,0
123,4,0.5065104166666666,0.3563666734505074,5.207723945032207e-10,0.0168041025641025,0
124,0,0.0,0.0,4.0077438105282646e-10,0.0111027106227106,0
125,7,0.2682291666666667,0.2742794577071693,5.467466377508157e-10,0.0129031501831501,0
126,7,0.2799479166666667,0.3391520938976182,6.87142658091891e-10,0.0173042246642246,0
127,7,0.3151041666666667,0.1702645112692103,6.247562749623188e-10,0.0106025885225885,0
128,6,0.23046875,0.2775032551892409,8.113696141397605e-10,0.0113027594627594,0
129,16,0.0986979166666666,0.0894689495039883,1.149847402800699e-09,0.0223054456654456,0
130,11,0.146875,0.1918378424933412,8.393251634151357e-10,0.0128031257631257,0
131,13,0.1246744791666666,0.218432726185591,1.249694110844809e-09,0.0188045909645909,0
132,6,0.31875,0.3919866891274817,7.273513305922302e-10,0.0176042979242979,0
133,16,0.0559895833333333,0.0377828597097575,2.215260418763166e-09,0.0354086446886446,0
134,17,0.107421875,0.1162478604683826,1.6877688341115536e-09,0.0241058852258852,0
135,10,0.1163194444444444,0.0922878194478629,1.0491815243246103e-09,0.0108026373626373,0
136,2,0.2421875,0.0,7.262753424841335e-10,0.0111027106227106,0
137,10,0.2113715277777778,0.3291745184468483,9.33140259137569e-10,0.0199048595848595,0
138,5,0.1455078125,0.0680167193334603,5.474829469578211e-10,0.0147035897435897,0
139,20,0.07421875,0.0609385543093679,1.3127739466581612e-09,0.0355086691086691,0
140,8,0.0513392857142857,0.0243881399368439,1.290431539116578e-09,0.0184044932844932,0
141,18,0.1011029411764705,0.0880717838152546,1.5953735360843874e-09,0.0492120146520146,0
142,57,0.0343889508928571,0.035812175655924,3.760234809324781e-09,0.0784191452991453,0
143,47,0.0421195652173913,0.0395176694667423,2.099645979878637e-09,0.0546133333333333,0
144,26,0.07703125,0.0844293806236904,1.980612318857797e-09,0.0397096947496947,0
145,22,0.0708705357142857,0.0804191229225527,2.045658219148661e-09,0.0387094505494505,0
146,6,0.25078125,0.382305148490705,8.140107257838483e-10,0.0160039072039072,0
147,5,0.302734375,0.1979027458783022,9.483798060849916e-10,0.0128031257631257,0
148,14,0.1286057692307692,0.1433403504267587,1.4171166686047635e-09,0.0349085225885225,0
149,22,0.0931919642857142,0.1208582201712897,1.7558250791824506e-09,0.0246060073260073,0
150,14,0.1256009615384615,0.1234679831845956,1.8225624491249491e-09,0.0407099389499389,0
151,13,0.1435546875,0.1981058387836885,1.215892377626867e-09,0.0284069352869352,0
152,7,0.1080729166666666,0.0745833515188525,5.762328062594203e-10,0.0164040048840048,0
153,12,0.0816761363636363,0.0923855271717976,1.464894640192259e-09,0.0179043711843711,0
154,17,0.10693359375,0.1419135504287313,1.1330034369311495e-09,0.0137033455433455,0
155,1,0.0,0.0,4.888623145949153e-10,0.016203956043956,0
156,8,0.2137276785714285,0.2794828714295614,9.192506719979245e-10,0.0233056898656898,0
157,5,0.2216796875,0.2673624101967785,9.14850077351508e-10,0.0089021733821733,0
158,0,0.0,0.0,4.252956570736447e-10,0.008101978021978,0
159,1,0.0,0.0,5.415283250805801e-10,0.0106025885225885,0
160,20,0.0999177631578947,0.1432240841560247,1.1370193612180788e-09,0.0360087912087912,0
161,12,0.1459517045454545,0.2442593332270916,9.642956930402555e-10,0.0217052991452991,0
162,3,0.677734375,0.666015625,4.5433030309976274e-10,0.0094022954822954,0
163,17,0.123779296875,0.1788881184414581,1.0246856904881174e-09,0.0277067643467643,0
164,38,0.046558277027027,0.0493051310103582,2.374036047652405e-09,0.0611149206349206,0
165,12,0.1555397727272727,0.1965854694137067,9.346784001445742e-10,0.0209051037851037,0
166,2,0.2421875,0.0,3.699379417557073e-10,0.0080019536019536,0
167,3,0.416015625,0.353515625,6.251243713297283e-10,0.0113027594627594,0
168,1,0.0,0.0,3.6530951819556436e-10,0.0064015628815628,0
169,4,0.0260416666666666,0.0048719497223619,5.294729209621608e-10,0.0109026617826617,0
170,11,0.142578125,0.1724267599557218,9.86666485435945e-10,0.0382093284493284,0
171,9,0.09765625,0.1089906752211227,7.316177236564142e-10,0.0120029304029304,0
172,15,0.1160714285714285,0.1260283848925662,1.1196737898260332e-09,0.0215052503052503,0
173,17,0.1015625,0.0887221945604209,2.0864319541302716e-09,0.0257062759462759,0
174,16,0.1309895833333333,0.1926425140976083,1.3675543192498892e-09,0.0223054456654456,0
175,12,0.1264204545454545,0.1766218280068648,1.0111110546221008e-09,0.02240547008547,0
176,3,0.7265625,0.48828125,7.519396415973795e-10,0.0089021733821733,0
177,2,1.546875,0.0,7.769176301012952e-10,0.0111027106227106,0
178,11,0.176171875,0.2656046062943292,8.394686262832438e-10,0.0168041025641025,0
179,11,0.1953125,0.193657046754856,1.0822835555436286e-09,0.0189046153846153,0
180,14,0.1153846153846153,0.1661780906443103,1.8122294904360494e-09,0.0473115506715506,0
181,12,0.1392045454545454,0.2367087452369861,1.3906841538938606e-09,0.0432105494505494,0
182,15,0.1199776785714285,0.1973356630188148,6.526324204895632e-10,0.0279068131868131,0
183,4,0.3033854166666667,0.1628905729582917,8.713132919176874e-10,0.0279068131868131,0
184,7,0.3131510416666667,0.217659304998202,9.62777943983587e-10,0.0229055921855921,0
185,62,0.0323386270491803,0.0313150190306603,3.456987061617326e-09,0.0827201953601953,0
186,12,0.0944602272727272,0.0820535376550561,2.481123058711486e-09,0.0408099633699633,0
187,18,0.1089154411764705,0.0990922214672779,1.3322885306530562e-09,0.0285069597069597,0
188,5,0.2421875,0.2857309064117955,5.397114527380093e-10,0.0111027106227106,0
189,0,0.0,0.0,2.90802349285923e-10,0.0054013186813186,0
190,2,0.91015625,0.0,4.9306060986607e-10,0.0141034432234432,0
191,3,0.8046875,0.77734375,5.670324073841128e-10,0.0092022466422466,0
192,21,0.0466796875,0.0405474582990317,2.5346681581628926e-09,0.0711173626373626,0
193,55,0.0336371527777777,0.0212817500218854,5.048651400587355e-09,0.0673164346764346,0
194,22,0.0803571428571428,0.0683906861600604,1.3902944140824746e-09,0.0325079365079365,0
195,5,0.255859375,0.1875508557333933,7.806305071543737e-10,0.0251061294261294,0
196,17,0.100830078125,0.1055159286659601,1.1141434784520862e-09,0.0349085225885225,0
197,22,0.0846354166666666,0.1152829695594128,1.696154204305818e-09,0.0327079853479853,0
198,16,0.1328125,0.146693427216565,1.1410443691708e-09,0.0283069108669108,0
199,3,0.857421875,0.232421875,5.977793296531849e-10,0.0096023443223443,0
200,6,0.21171875,0.1464588519431311,8.530526981434146e-10,0.0256062515262515,0
201,11,0.149609375,0.0906393105619224,9.71133872921018e-10,0.0248060561660561,0
202,13,0.1341145833333333,0.1306243354581714,1.2946858115027183e-09,0.0253061782661782,0
203,6,0.2921875,0.1902211398116676,7.26209447180143e-10,0.0119029059829059,0
204,5,0.19140625,0.1975072004719859,9.00168518947136e-10,0.0139033943833943,0
205,21,0.091796875,0.1163019929513382,1.6231657628192082e-09,0.0440107448107448,0
206,12,0.1598011363636363,0.1842043953910414,1.0943469222830482e-09,0.0134032722832722,0
207,7,0.28515625,0.2635681701923464,9.854592063855452e-10,0.0188045909645909,0
208,4,0.2799479166666667,0.329753728866542,5.659674090091329e-10,0.0108026373626373,0
209,9,0.234375,0.3495766395288691,1.0563014894416566e-09,0.0275067155067155,0
210,15,0.1417410714285714,0.1508441862677235,1.7040445642151227e-09,0.0382093284493284,0
211,10,0.19921875,0.2232683776224939,1.1086631540285958e-09,0.0203049572649572,0
212,19,0.1056857638888889,0.1079039233307251,1.2738147178866614e-09,0.0244059584859584,0
213,12,0.1747159090909091,0.1601613679639819,1.4121655425470102e-09,0.0305074481074481,0
214,14,0.1493389423076923,0.1496358027828976,9.697199145587994e-10,0.0190046398046398,0
215,14,0.1412259615384615,0.1237623349730024,9.293482118630925e-10,0.0210051282051282,0
216,14,0.1472355769230769,0.1873333131737843,1.080058652015211e-09,0.0182044444444444,0
217,15,0.1283482142857142,0.118361466628821,9.50271557231264e-10,0.0206050305250305,0
218,20,0.0814144736842105,0.1186264665806379,2.220488685146423e-09,0.0228055677655677,0
219,13,0.1640625,0.1420554417653764,1.290951512885178e-09,0.0379092551892551,0
220,10,0.1219618055555555,0.0770714064221343,8.749566141106891e-10,0.0178043467643467,0
221,9,0.181640625,0.1963060665831388,1.2516697959248896e-09,0.0188045909645909,0
222,6,0.3625,0.1843385822084595,6.045304489043042e-10,0.0095023199023199,0
223,3,0.525390625,0.419921875,8.675078008411341e-10,0.0132032234432234,0
224,2,1.1484375,0.0,6.300307202379088e-10,0.0155037851037851,0
225,10,0.2178819444444444,0.367117207449602,7.080782446868183e-10,0.0144035164835164,0
226,17,0.09130859375,0.1181105815827334,1.102260825297684e-09,0.016203956043956,0
227,3,0.427734375,0.416015625,8.456806377150355e-10,0.0120029304029304,0
228,0,0.0,0.0,4.72306993008687e-10,0.008101978021978,0
229,7,0.2565104166666667,0.2331311030721084,9.392296579696418e-10,0.0160039072039072,0
230,8,0.2410714285714285,0.2263672408067456,6.055909794062266e-10,0.0154037606837606,0
231,6,0.1453125,0.0647731166505441,7.828508676851738e-10,0.0509124297924297,0
232,5,0.279296875,0.3219340149933921,7.020165062518542e-10,0.0148036141636141,0
233,6,0.31015625,0.4707937218311487,8.078075848737478e-10,0.0158038583638583,0
234,3,0.25390625,0.1953125,6.22143430535429e-10,0.0137033455433455,0
235,6,0.2984375,0.2465657675638996,7.027056558707197e-10,0.0161039316239316,0
236,13,0.1233723958333333,0.1725650383403632,1.4796915648792934e-09,0.0275067155067155,0
237,15,0.1068638392857142,0.1656532096121024,1.4146838791126795e-09,0.0229055921855921,0
238,12,0.1534090909090909,0.2271683886916585,1.0589475237826883e-09,0.0153037362637362,0
239,10,0.1245659722222222,0.1783183462382128,7.572118063475662e-10,0.0168041025641025,0
240,6,0.22578125,0.2496750818251092,1.4931266868666704e-09,0.0334081562881562,0
241,17,0.064208984375,0.0897797066024435,1.5281863523063724e-09,0.0202049328449328,0
242,2,0.01171875,0.0,5.935475899761613e-10,0.011202735042735,0
243,8,0.1662946428571428,0.1365808798283781,7.194577030557454e-10,0.0106025885225885,0
244,16,0.1151041666666666,0.1849867734104402,1.0718266919961059e-09,0.0236057631257631,0
245,46,0.0356770833333333,0.0357122317737758,2.611249409602488e-09,0.0454110866910866,0
246,10,0.1957465277777778,0.2202595826147035,1.1096356135046606e-09,0.0223054456654456,0
247,2,0.24609375,0.0,5.792799428559501e-10,0.0086021001221001,0
248,0,0.0,0.0,3.19903305257014e-10,0.0042010256410256,0
249,3,0.158203125,0.103515625,6.259601308951696e-10,0.00430105006105,0
250,1,0.0,0.0,5.28642725855409e-10,0.00430105006105,0
251,2,1.078125,0.0,3.6207249815880767e-10,0.0038009279609279,0
252,3,0.607421875,0.580078125,4.2525953671930094e-10,0.0042010256410256,0
253,4,0.2799479166666667,0.2519724704567059,5.424423149368777e-10,0.0040009768009768,0
254,1,0.0,0.0,3.524311845053602e-10,0.0048011721611721,0
255,1,0.0,0.0,4.033353668212299e-10,0.0036008791208791,0
256,2,0.10546875,0.0,4.858597524863548e-10,0.0040009768009768,0
257,0,0.0,0.0,4.5483819637322376e-10,0.0082020024420024,0
258,5,0.443359375,0.4123407229781844,6.709724849834739e-10,0.0052012698412698,0
259,1,0.0,0.0,4.0571770114466997e-10,0.0071017338217338,0
260,1,0.0,0.0,2.993712452861377e-10,0.0039009523809523,0
261,2,0.0234375,0.0,5.073509411092401e-10,0.0046011233211233,0
262,2,1.421875,0.0,3.2779380376821997e-10,0.0038009279609279,0
263,0,0.0,0.0,4.68668413563102e-10,0.0048011721611721,0
264,1,0.0,0.0,6.873526859790594e-10,0.0044010744810744,0
265,16,0.0578125,0.0562680815845745,1.7306709748330624e-09,0.0168041025641025,0
266,5,0.2607421875,0.3705523909002011,7.05399054208578e-10,0.0065015873015873,0
267,3,0.48046875,0.39453125,1.1063080025663012e-09,0.0072017582417582,0
268,0,0.0,0.0,3.0754512353785475e-10,0.0048011721611721,0
269,4,0.1354166666666666,0.1394749462580307,5.170788104854039e-10,0.0053012942612942,0
270,5,0.24609375,0.3611961329864634,8.988114036706068e-10,0.0046011233211233,0
271,1,0.0,0.0,3.4512229393181766e-10,0.0058014163614163,0
272,4,0.4596354166666667,0.4410239095090884,5.975450452685457e-10,0.0054013186813186,0
273,3,0.544921875,0.029296875,5.422035050254487e-10,0.009302271062271,0
274,1,0.0,0.0,5.550790812366476e-10,0.0120029304029304,0
275,1,0.0,0.0,4.228666389509452e-10,0.0070017094017094,0
276,6,0.30625,0.3255254166344004,8.422622565079065e-10,0.0192046886446886,0
277,5,0.2265625,0.2217463590544527,7.62941708536088e-10,0.0052012698412698,0
278,0,0.0,0.0,4.904642118942142e-10,0.0038009279609279,0
279,1,0.0,0.0,3.6736491683979086e-10,0.005001221001221,0
280,1,0.0,0.0,3.638977634871064e-10,0.0041010012210012,0
281,5,0.3173828125,0.3323570896586783,7.964901036844718e-10,0.0280068376068376,0
282,5,0.1025390625,0.0980606859670287,6.782899362626925e-10,0.0092022466422466,0
283,4,0.3515625,0.366494248050589,7.229727480242588e-10,0.0070017094017094,0
284,3,0.130859375,0.037109375,4.906208186485201e-10,0.0069016849816849,0
285,13,0.0279947916666666,0.0217393331472187,1.3396095855817123e-09,0.0299073015873015,0
286,25,0.0675455729166666,0.1018468023904469,1.327857612472997e-09,0.0380092796092796,0
287,0,0.0,0.0,4.4984411770269136e-10,0.0108026373626373,0
288,5,0.0419921875,0.0259662808599772,8.627409058284171e-10,0.0085020757020757,0
289,7,0.3196614583333333,0.4056386667962228,7.948637419848501e-10,0.0059014407814407,0
290,1,0.0,0.0,3.6787469230377876e-10,0.0061014896214896,0
291,3,0.279296875,0.267578125,5.50765999714317e-10,0.0054013186813186,0
292,0,0.0,0.0,4.714885679986985e-10,0.0077018803418803,0
293,2,0.55078125,0.0,6.771433205856853e-10,0.008101978021978,0
294,4,0.6080729166666666,0.4561047559432999,6.752301094391294e-10,0.0070017094017094,0
295,6,0.25703125,0.1902853018331946,1.0548169704820344e-09,0.0075018315018315,0
296,9,0.19482421875,0.2279510043521015,7.882293395113907e-10,0.008101978021978,0
297,6,0.3484375,0.1440214827725364,1.0798804309349751e-09,0.0077018803418803,0
298,5,0.3427734375,0.3251630520785099,6.814721800127018e-10,0.0064015628815628,0
299,4,0.4934895833333333,0.5996853603907751,7.076266074792287e-10,0.0063015384615384,0
300,8,0.2706473214285714,0.1718333234489537,1.0269257738365452e-09,0.0080019536019536,0
301,2,1.33984375,0.0,7.540721285226778e-10,0.007401807081807,0
302,7,0.2623697916666667,0.2604760674441215,1.1101312626395615e-09,0.0098023931623931,0
303,13,0.0888671875,0.0962810066778882,1.212425755387351e-09,0.0304074236874236,0
304,21,0.0888671875,0.0824938130226244,1.2063040128115674e-09,0.0337082295482295,0
305,12,0.1306818181818181,0.1348581146345067,1.284399470806293e-09,0.0146035653235653,0
306,0,0.0,0.0,5.15089724115594e-10,0.0083020268620268,0
307,7,0.2962239583333333,0.230407131887657,7.597394641822869e-10,0.0196047863247863,0
308,4,0.296875,0.3365879120319707,8.737365376788453e-10,0.0064015628815628,0
309,2,0.34375,0.0,5.158188609653811e-10,0.0054013186813186,0
310,53,0.0365084134615384,0.0330825778993062,2.938689076194799e-09,0.0715174603174603,0
311,20,0.0879934210526315,0.2000469290076747,2.0732959600876837e-09,0.0722176312576312,0
312,3,0.087890625,0.001953125,5.487215820677931e-10,0.0076018559218559,0
313,3,0.853515625,0.759765625,8.73096152634843e-10,0.0078019047619047,0
314,2,1.3984375,0.0,8.121034442362852e-10,0.0106025885225885,0
315,5,0.4296875,0.7014248107507453,6.212271560772017e-10,0.0136033211233211,0
316,4,0.4010416666666667,0.4124912864715211,7.796507105129472e-10,0.0083020268620268,0
317,13,0.15625,0.151389237305282,1.0547739427446955e-09,0.0079019291819291,0
318,1,0.0,0.0,6.052932875634913e-10,0.0051012454212454,0
319,6,0.21640625,0.1187808348124814,9.267217611554263e-10,0.0091022222222222,0
320,16,0.1114583333333333,0.1157627510900227,1.0978435663932456e-09,0.0130031746031746,0
321,2,0.11328125,0.0,7.886270966857046e-10,0.0064015628815628,0
322,6,0.3609375,0.4180497877047661,7.8783468923264e-10,0.0090021978021978,0
323,2,1.0390625,0.0,4.423150387908286e-10,0.0049011965811965,0
324,2,0.05078125,0.0,5.227429594660018e-10,0.0046011233211233,0
325,4,0.52734375,0.3533087418353693,9.330427282407592e-10,0.005001221001221,0
326,1,0.0,0.0,6.949542006905214e-10,0.0041010012210012,0
327,2,0.8046875,0.0,4.829545844197859e-10,0.0049011965811965,0
328,2,1.0546875,0.0,7.513865757512733e-10,0.009302271062271,0
329,6,0.2984375,0.241083674044148,1.2934750411985415e-09,0.0071017338217338,0
330,4,0.28125,0.1754191873086911,6.862819991025118e-10,0.0071017338217338,0
331,5,0.3642578125,0.2882745674826765,8.006552911543752e-10,0.0067016361416361,0
332,4,0.140625,0.1575144152629371,6.59303975260935e-10,0.0086021001221001,0
333,6,0.05625,0.0332926183635351,7.590820066452505e-10,0.0066016117216117,0
334,1,0.0,0.0,4.979509228836724e-10,0.0055013431013431,0
335,2,0.0390625,0.0,5.80518460911375e-10,0.0049011965811965,0
336,3,0.435546875,0.091796875,8.465652352328175e-10,0.0068016605616605,0
337,6,0.3109375,0.4233091941218913,7.642504925142857e-10,0.0102024908424908,0
338,5,0.2060546875,0.2130137796019144,8.1960649685581e-10,0.0109026617826617,0
339,24,0.0815217391304347,0.1208843097398041,1.7911301346297336e-09,0.035008547008547,0
340,5,0.4091796875,0.6546109029531487,8.637815801520584e-10,0.0114027838827838,0
341,6,0.1171875,0.0833780804340985,1.078351694474634e-09,0.010002442002442,0
342,14,0.1018629807692307,0.2375261993831389,1.148383121465768e-09,0.0087021245421245,0
343,5,0.1484375,0.1317165257819325,8.101681522926944e-10,0.0061014896214896,0
344,5,0.4140625,0.4470822153969209,9.801818329991978e-10,0.0046011233211233,0
345,9,0.21923828125,0.2425136216260734,1.250486881108733e-09,0.0101024664224664,0
346,5,0.3525390625,0.1686571784284594,1.634150534220646e-09,0.0066016117216117,0
347,10,0.1801215277777778,0.2939736495110868,1.058618447344695e-09,0.0125030525030525,0
348,1,0.0,0.0,5.957191480786374e-10,0.0085020757020757,0
349,9,0.169921875,0.1611061767757912,6.672975167151564e-10,0.007401807081807,0
350,6,0.26875,0.2277367200779773,1.0722712284768718e-09,0.0083020268620268,0
351,5,0.31640625,0.2972474021188516,5.329052788316181e-10,0.0066016117216117,0
352,3,0.173828125,0.064453125,7.301691287955023e-10,0.0087021245421245,0
353,5,0.2216796875,0.3258076535875584,7.77162059213341e-10,0.0076018559218559,0
354,2,0.09375,0.0,5.580110291705987e-10,0.007401807081807,0
355,5,0.427734375,0.2856441139152934,8.751614863565412e-10,0.0103025152625152,0
356,0,0.0,0.0,7.258954375841394e-10,0.0049011965811965,0
357,0,0.0,0.0,5.188699797459527e-10,0.0046011233211233,0
358,3,0.654296875,0.212890625,7.185789512769822e-10,0.0055013431013431,0
359,0,0.0,0.0,5.029904839428648e-10,0.0045010989010989,0
360,2,0.62890625,0.0,9.5487106948302e-10,0.0054013186813186,0
361,7,0.2154947916666666,0.2099879363293588,6.647396553131443e-10,0.0053012942612942,0
362,2,0.6953125,0.0,7.270427957713327e-10,0.0044010744810744,0
363,4,0.5546875,0.5599533642923237,6.232759920961043e-10,0.0049011965811965,0
364,9,0.20947265625,0.1523179252450352,1.2475168409463282e-09,0.0080019536019536,0
365,2,1.75,0.0,6.054693079017712e-10,0.0055013431013431,0
366,5,0.2861328125,0.4352391271925761,7.84723903498228e-10,0.0044010744810744,0
367,20,0.0884046052631579,0.0913217822572841,9.072895975382811e-10,0.0171041758241758,0
368,3,0.05078125,0.02734375,8.002567396397523e-10,0.0138033699633699,0
369,8,0.1199776785714285,0.1867044399883196,1.0993953643464288e-09,0.0087021245421245,0
370,5,0.4248046875,0.6255269690050436,8.310244050228022e-10,0.0084020512820512,0
371,3,0.365234375,0.318359375,1.2296148609564356e-09,0.013103199023199,0
372,5,0.240234375,0.2629765136443093,6.829922742368367e-10,0.0082020024420024,0
373,2,0.09765625,0.0,7.51998380850258e-10,0.0085020757020757,0
374,6,0.30546875,0.2309832710054453,8.028906899914796e-10,0.0072017582417582,0
375,6,0.36171875,0.2868219756279581,7.604069761807856e-10,0.007401807081807,0
376,2,1.12109375,0.0,5.81507435561064e-10,0.0199048595848595,0
377,8,0.1936383928571428,0.1710723081452932,8.435880099012539e-10,0.0082020024420024,0
378,7,0.3235677083333333,0.2985783837494009,7.858870040660905e-10,0.008101978021978,0
379,5,0.3125,0.2631722697297105,6.233420487140722e-10,0.0082020024420024,0
380,7,0.236328125,0.2904558024223432,9.976690444696394e-10,0.0077018803418803,0
381,4,0.0182291666666666,0.0080265807330325,7.068214958224688e-10,0.0109026617826617,0
382,7,0.0520833333333333,0.033196741624953,8.431187859759287e-10,0.0072017582417582,0
383,4,0.2591145833333333,0.1935948779785092,8.386724177603871e-10,0.006201514041514,0
384,7,0.2604166666666667,0.2436496799878048,1.1456836689036781e-09,0.0051012454212454,0
385,1,0.0,0.0,5.457079347189237e-10,0.0058014163614163,0
386,7,0.1432291666666666,0.1349149359061314,1.0540374052522059e-09,0.012403028083028,0
387,4,0.2643229166666667,0.1871832538704087,4.3648258983080407e-10,0.0079019291819291,0
388,5,0.0966796875,0.0746479673585404,8.717531834876731e-10,0.0182044444444444,0
389,8,0.2505580357142857,0.1650352297926236,1.1093575431487521e-09,0.0068016605616605,0
390,4,0.5638020833333334,0.2969834871222033,1.4178235779025611e-09,0.0076018559218559,0
391,1,0.0,0.0,6.208089155218849e-10,0.0049011965811965,0
392,6,0.16875,0.2193268064940421,5.645525188694257e-10,0.0188045909645909,0
393,11,0.176953125,0.1843075386380821,1.3026599638321247e-09,0.0088021489621489,0
394,20,0.0705180921052631,0.0911744777572321,1.818794156352821e-09,0.053112967032967,0
395,4,0.4140625,0.2338753354375823,6.826946930426783e-10,0.0080019536019536,0
396,7,0.20703125,0.2042237909031005,9.367611557758647e-10,0.0083020268620268,0
397,4,0.4010416666666667,0.431816851437926,9.275577664771803e-10,0.0061014896214896,0
398,4,0.33984375,0.3589076444792239,6.95352806364711e-10,0.0116028327228327,0
399,2,1.1171875,0.0,8.737276927810352e-10,0.0080019536019536,0
400,4,0.3971354166666667,0.269735605903288,6.679225536368392e-10,0.0070017094017094,0
401,5,0.41015625,0.4407229916524594,8.563737767392185e-10,0.0082020024420024,0
402,13,0.1100260416666666,0.2495613488400246,2.7760744599930152e-09,0.0172042002442002,0
403,1,0.0,0.0,2.218893593899317e-09,0.0166040537240537,0
404,21,0.0923828125,0.1070930692252034,1.7500980229917961e-09,0.0255062271062271,0
405,8,0.0396205357142857,0.0197453192108863,1.192082714633081e-09,0.0176042979242979,0
406,34,0.0407196969696969,0.0528998814747325,2.73684590850914e-09,0.0613149694749694,0
407,5,0.2919921875,0.2429639613424807,1.4623277679195715e-09,0.0092022466422466,0
408,9,0.1962890625,0.1102045480886954,1.3348897721207703e-09,0.008101978021978,0
409,7,0.21484375,0.1821334879199182,7.154562638322366e-10,0.0058014163614163,0
410,5,0.3017578125,0.3410021452626515,6.540930911867265e-10,0.0069016849816849,0
411,4,0.4791666666666667,0.5423204437956222,4.816640260092641e-10,0.0054013186813186,0
412,8,0.25,0.2069101313502003,8.222988649971822e-10,0.0063015384615384,0
413,7,0.2233072916666666,0.2325823004934407,1.099518976859865e-09,0.0128031257631257,0
414,8,0.18359375,0.2799993896477722,9.212537699717185e-10,0.008101978021978,0
415,0,0.0,0.0,4.82801863759968e-10,0.0059014407814407,0
416,2,1.85546875,0.0,6.542023764565543e-10,0.0083020268620268,0
417,7,0.314453125,0.3450993727421962,1.164719957537036e-09,0.007401807081807,0
418,4,0.4166666666666667,0.1875090420273483,1.2096169307836546e-09,0.0066016117216117,0
419,4,0.45703125,0.1882580163742481,9.242736415942115e-10,0.0227055433455433,0
420,6,0.09765625,0.0842519357158931,5.739700498528908e-10,0.0159038827838827,0
421,2,0.83984375,0.0,4.817824735636091e-10,0.0067016361416361,0
422,3,0.080078125,0.005859375,5.379602602258851e-10,0.0079019291819291,0
423,4,0.3671875,0.366494248050589,5.351017631466349e-10,0.0072017582417582,0
424,4,0.5,0.6088739927624598,6.759230537218173e-10,0.0061014896214896,0
425,6,0.39375,0.5055562858902309,8.780410555836952e-10,0.0082020024420024,0
426,7,0.1484375,0.2018187163541412,9.205912709361083e-10,0.0079019291819291,0
427,6,0.33125,0.3530212790151608,8.905710081534255e-10,0.0111027106227106,0
428,13,0.08203125,0.0803080413807774,1.085957533216004e-09,0.0341083272283272,0
429,6,0.290625,0.2077390612718874,1.0406131221664644e-09,0.0185045177045177,0
430,3,0.82421875,0.1328125,9.80418600570844e-10,0.010002442002442,0
431,11,0.16875,0.1782363276006395,1.0995064555175014e-09,0.0086021001221001,0
432,2,0.33203125,0.0,7.322960314618395e-10,0.0089021733821733,0
433,4,0.5729166666666666,0.4657164572745834,7.32530280904823e-10,0.0086021001221001,0
434,4,0.3841145833333333,0.2561565611315937,6.971548733453494e-10,0.0070017094017094,0
435,6,0.08828125,0.0622357695832951,7.72796250732377e-10,0.008101978021978,0
436,7,0.271484375,0.3130589889823997,1.1996147286440323e-09,0.0114027838827838,0
437,9,0.15673828125,0.2073942636621746,9.535841915935781e-10,0.0078019047619047,0
438,6,0.08203125,0.0597541349249154,7.560446310002742e-10,0.0091022222222222,0
439,3,0.42578125,0.41015625,6.544512105466774e-10,0.0085020757020757,0
440,4,0.60546875,0.8122245125912949,5.010647695071343e-10,0.0094022954822954,0
441,4,0.3671875,0.4435959239555747,8.515090858554685e-10,0.0092022466422466,0
442,2,0.078125,0.0,8.184287970817845e-10,0.0076018559218559,0
443,5,0.322265625,0.3199132897199694,8.303712726803957e-10,0.0068016605616605,0
444,5,0.4443359375,0.4468037581843249,1.094308383966122e-09,0.0072017582417582,0
445,2,0.0234375,0.0,6.331384468303538e-10,0.0096023443223443,0
446,4,0.20703125,0.1641554796050835,5.861503366139354e-10,0.0144035164835164,0
447,10,0.1901041666666666,0.2038665018197843,9.253925246613548e-10,0.019304713064713,0
448,4,0.34765625,0.2598170179424358,4.5634197575589507e-10,0.007401807081807,0
449,2,0.171875,0.0,9.572553389918314e-10,0.006201514041514,0
450,1,0.0,0.0,5.693675914371885e-10,0.0049011965811965,0
451,0,0.0,0.0,3.5019760205199765e-10,0.0045010989010988,0
452,1,0.0,0.0,4.786326970178273e-10,0.0051012454212454,0
453,3,0.419921875,0.142578125,5.823728198270322e-10,0.0045010989010989,0
454,2,0.2421875,0.0,8.679027947128334e-10,0.0052012698412698,0
455,5,0.353515625,0.3480017156449043,8.804631022636972e-10,0.0053012942612942,0
456,4,0.35546875,0.4181816533305731,6.805882213448605e-10,0.0056013675213675,0
457,5,0.455078125,0.3605671886206031,1.1512678789464502e-09,0.0063015384615384,0
458,4,0.3203125,0.2194000757273494,8.007540077380392e-10,0.0048011721611721,0
459,2,0.61328125,0.0,9.074521274856096e-10,0.0055013431013431,0
460,4,0.40234375,0.388588441107684,9.023609092648123e-10,0.0063015384615384,0
461,2,1.08984375,0.0,4.1073092201898275e-10,0.0044010744810744,0
462,1,0.0,0.0,6.469129000493468e-10,0.0065015873015873,0
463,4,0.4921875,0.6031668271333949,5.766990682970536e-10,0.0060014652014652,0
464,7,0.3001302083333333,0.4166976917160294,8.409229911762533e-10,0.0054013186813186,0
465,3,0.5859375,0.32421875,9.90782475054453e-10,0.0045010989010989,0
466,1,0.0,0.0,4.656918037870418e-10,0.0041010012210012,0
467,1,0.0,0.0,6.519989323460592e-10,0.0044010744810744,0
468,4,0.3606770833333333,0.1778762121015545,6.583209261337124e-10,0.0041010012210012,0
469,2,0.20703125,0.0,6.827934894097897e-10,0.0057013919413919,0
470,4,0.4296875,0.2050192127683809,8.225958271416718e-10,0.0071017338217338,0
471,2,0.08203125,0.0,6.50738749881664e-10,0.005501343101343,0
472,6,0.2390625,0.1640513389060723,1.0018890944157083e-09,0.0059014407814407,0
473,4,0.3958333333333333,0.4761175917297258,8.367364031068814e-10,0.0047011477411477,0
474,2,0.015625,0.0,7.546878750404391e-10,0.005001221001221,0
475,3,0.15234375,0.08203125,5.560211997082418e-10,0.0051012454212454,0
476,4,0.2994791666666667,0.2755929430683906,5.697196350255531e-10,0.005001221001221,0
477,4,0.2356770833333333,0.2356159278389066,7.072671976074561e-10,0.0049011965811965,0
478,4,0.2018229166666666,0.2716147081735092,5.631578203478958e-10,0.0048011721611721,0
479,1,0.0,0.0,4.949579278004759e-10,0.0048011721611721,0
480,17,0.0751953125,0.0825123078384323,9.369816428653423e-10,0.05001221001221,0
481,13,0.1458333333333333,0.1447012419980004,8.92312032061345e-10,0.0332081074481074,0
482,20,0.0970394736842105,0.1228436484714972,1.3148959143979744e-09,0.0317077411477411,0
483,6,0.36328125,0.2470529422006546,5.439330639937323e-10,0.011202735042735,0
484,5,0.4111328125,0.4883701091020574,7.293927694625955e-10,0.0094022954822954,0
485,2,0.03125,0.0,6.052791245456652e-10,0.0071017338217338,0
486,7,0.2740885416666667,0.4972019316915624,8.828884835423868e-10,0.0125030525030525,0
487,8,0.2594866071428571,0.1635949058128283,2.2043681891724475e-09,0.0167040781440781,0
488,7,0.181640625,0.3088388234402085,1.487180640254129e-09,0.017404249084249,0
489,5,0.04296875,0.025164255325635,1.2534634145955115e-09,0.0126030769230769,0
490,3,0.02734375,0.0,5.95926082464544e-10,0.0097023687423687,0
491,39,0.0342310855263157,0.0511314013752118,5.5430992186486676e-09,0.1292315506715506,0
492,68,0.0283931902985074,0.0207752401598135,8.626709697548753e-09,0.0818199755799755,0
493,14,0.1153846153846153,0.2094891929499773,1.6185245937077435e-09,0.0451110134310134,0
494,8,0.1875,0.1325002895465165,9.957239403267334e-10,0.0089021733821733,0
495,9,0.04931640625,0.0267041189724127,1.3771267168932e-09,0.0109026617826617,0
496,8,0.21875,0.2613561921053062,6.137813658432362e-10,0.0082020024420024,0
497,4,0.2955729166666667,0.2635167045984572,6.999476381816696e-10,0.0061014896214896,0
498,1,0.0,0.0,6.031586691971878e-10,0.0047011477411477,0
499,4,0.1236979166666666,0.0832519133497176,9.386861707961182e-10,0.0059014407814407,0
500,2,0.92578125,0.0,1.0456004070143836e-09,0.0054013186813186,0
501,1,0.0,0.0,5.390931292731314e-10,0.0052012698412698,0
502,10,0.0603298611111111,0.0691481308482528,8.047571130961698e-10,0.016203956043956,0
503,3,0.24609375,0.13671875,9.183055508733735e-10,0.0138033699633699,0
504,1,0.0,0.0,6.503096832366521e-10,0.0044010744810744,0
505,1,0.0,0.0,8.393724348165738e-10,0.0054013186813186,0
506,4,0.3072916666666667,0.4207683853038159,5.001111587249406e-10,0.0080019536019536,0
507,6,0.26875,0.4020091144800077,8.113920647359863e-10,0.0148036141636141,0
508,8,0.2594866071428571,0.1887382053856449,6.596729591464024e-10,0.0082020024420024,0
509,4,0.09765625,0.0525048050876457,6.243488313786504e-10,0.0072017582417582,0
510,5,0.365234375,0.3103256877390319,7.685433946480191e-10,0.0057013919413919,0
511,3,0.53125,0.45703125,8.185045319560542e-10,0.0073017826617826,0
512,11,0.134375,0.1398764801083441,1.4198418824849683e-09,0.0049011965811965,0
513,3,0.75,0.140625,6.653262395249573e-10,0.0042010256410256,0
514,6,0.37890625,0.4446472552941545,9.202948591226977e-10,0.00430105006105,0
515,5,0.2626953125,0.1335107735276416,7.302979417920466e-10,0.0047011477411477,0
516,2,0.61328125,0.0,9.713179135340304e-10,0.005501343101343,0
517,5,0.1904296875,0.19494839107596,6.42234663664666e-10,0.0045010989010989,0
518,1,0.0,0.0,4.656662585248321e-10,0.0038009279609279,0
519,1,0.0,0.0,4.956412514805944e-10,0.0039009523809523,0
520,0,0.0,0.0,5.285926492213695e-10,0.0051012454212454,0
521,1,0.0,0.0,7.700632192390433e-10,0.0042010256410256,0
522,11,0.189453125,0.1773390176956713,9.58115444155966e-10,0.0054013186813186,0
523,3,0.4296875,0.2421875,5.950816963866413e-10,0.0045010989010989,0
524,3,0.4296875,0.38671875,5.949906751203111e-10,0.0135032967032967,0
525,3,0.443359375,0.431640625,1.1784925297302242e-09,0.0067016361416361,0
526,5,0.3291015625,0.1930014640475862,1.2522767423866323e-09,0.0051012454212454,0
527,1,0.0,0.0,4.258440686911955e-10,0.0039009523809523,0
528,3,0.037109375,0.001953125,8.741304646653204e-10,0.0044010744810744,0
529,3,0.17578125,0.1171875,4.758864179780501e-10,0.0049011965811965,0
530,3,0.59765625,0.546875,7.380722022262771e-10,0.00430105006105,0
531,4,0.2591145833333333,0.2314560713773362,6.001899375997933e-10,0.0048011721611721,0
532,0,0.0,0.0,5.167441812359394e-10,0.0041010012210012,0
533,3,0.234375,0.05859375,6.624015274255658e-10,0.0054013186813186,0
534,4,0.41015625,0.2089265642391882,8.838670968264031e-10,0.0057013919413919,0
535,3,0.259765625,0.037109375,7.129133545471113e-10,0.0045010989010989,0
536,4,0.2981770833333333,0.3252029698068278,7.718504657163654e-10,0.0045010989010989,0
537,4,0.30859375,0.1989760572384694,7.706824016862934e-10,0.0058014163614163,0
538,9,0.2099609375,0.3304405254458563,9.845886216364696e-10,0.0173042246642246,0
539,9,0.244140625,0.4130524605968086,9.835358644882455e-10,0.0326079609279609,0
540,28,0.0572916666666666,0.0511858437076582,2.1273414985926435e-09,0.0491119902319902,0
541,10,0.1536458333333333,0.190077409646665,1.1006477897632315e-09,0.0092022466422466,0
542,4,0.4283854166666667,0.1835614259369704,1.090829734226311e-09,0.0077018803418803,0
543,2,0.203125,0.0,6.47189632722199e-10,0.0067016361416361,0
544,2,0.01953125,0.0,6.306587446711643e-10,0.0054013186813186,0
545,1,0.0,0.0,6.327463781576074e-10,0.0039009523809523,0
546,2,0.6953125,0.0,1.1269581094272027e-09,0.0041010012210012,0
547,1,0.0,0.0,5.156760381119355e-10,0.0044010744810744,0
548,2,0.6328125,0.0,6.22799996477881e-10,0.0061014896214896,0
549,6,0.1296875,0.0402476464762226,9.904603782122095e-10,0.0058014163614163,0
550,4,0.33203125,0.2098496252900514,1.0788625106176042e-09,0.0051012454212454,0
551,4,0.5364583333333334,0.2368861424563438,9.009245445657992e-10,0.0057013919413919,0
552,5,0.3369140625,0.3245641867426503,7.700064460366655e-10,0.0082020024420024,0
553,1,0.0,0.0,7.312146856331836e-10,0.0064015628815628,0
554,4,0.6432291666666666,0.3596343795242105,1.1994799790601642e-09,0.0060014652014652,0
555,7,0.146484375,0.1359305778290238,5.750023830209268e-10,0.0044010744810744,0
556,3,0.2109375,0.11328125,1.005132816844412e-09,0.0060014652014652,0
557,1,0.0,0.0,8.384819577828391e-10,0.0244059584859584,0
558,4,0.1380208333333333,0.1278298387111966,6.966159239281951e-10,0.0109026617826617,0
559,9,0.20166015625,0.2183916699270608,9.244927024817706e-10,0.0127031013431013,0
560,30,0.0618265086206896,0.0721376864749256,1.3030072466198838e-09,0.0141034432234432,0
561,4,0.18359375,0.0635491371974605,8.848078688795262e-10,0.0165040293040293,0
562,11,0.1890625,0.2466028959303803,1.8246680210751294e-09,0.0159038827838827,0
563,3,0.8046875,0.64453125,1.320187937073525e-09,0.0041010012210012,0
564,2,0.01953125,0.0,5.154237261623363e-10,0.00430105006105,0
565,3,0.634765625,0.482421875,6.01171766098506e-10,0.0055013431013431,0
566,1,0.0,0.0,5.145604203425287e-10,0.0047011477411477,0
567,2,1.33203125,0.0,7.454766017394794e-10,0.0038009279609279,0
568,1,0.0,0.0,4.5024561654598276e-10,0.0046011233211233,0
569,4,0.2669270833333333,0.2650563254966081,7.781698697449611e-10,0.0058014163614163,0
570,5,0.2470703125,0.086573243283573,8.301692912742017e-10,0.0053012942612942,0
571,5,0.345703125,0.2608793090990844,1.322408370399442e-09,0.0055013431013431,0
572,3,0.576171875,0.154296875,8.186629900357577e-10,0.0047011477411477,0
573,7,0.103515625,0.0580158129654015,1.240912308347347e-09,0.0064015628815628,0
574,2,0.7109375,0.0,4.019851705749141e-10,0.0040009768009768,0
575,2,1.1875,0.0,7.737640338501714e-10,0.0052012698412698,0
576,5,0.4765625,0.288335762969201,1.3891721579808232e-09,0.0060014652014652,0
577,5,0.359375,0.4870374784049927,8.066972229117374e-10,0.0049011965811965,0
578,6,0.34140625,0.2913402656527672,8.355096621365506e-10,0.0042010256410256,0
579,3,0.87109375,0.80078125,7.657319954266496e-10,0.0049011965811965,0
580,7,0.2571614583333333,0.2453943503422695,1.4190879131827504e-09,0.0069016849816849,0
581,4,0.3776041666666667,0.1676302710404574,7.837159718355345e-10,0.0054013186813186,0
582,3,0.193359375,0.154296875,6.258332414367785e-10,0.0053012942612942,0
583,5,0.4140625,0.4130663134375339,1.0497008621550742e-09,0.0061014896214896,0
584,2,0.32421875,0.0,5.428988113640701e-10,0.0045010989010989,0
585,3,0.7421875,0.29296875,5.042624388334667e-10,0.0160039072039072,0
586,1,0.0,0.0,7.100450807925623e-10,0.007401807081807,0
587,1,0.0,0.0,5.171145814231894e-10,0.0053012942612942,0
588,3,0.59765625,0.45703125,9.421094048168795e-10,0.0051012454212454,0
589,4,0.6002604166666666,0.3502047469700364,1.0400403323380087e-09,0.0047011477411477,0
590,3,0.640625,0.015625,4.274969936199331e-10,0.00430105006105,0
591,4,0.4375,0.176891746851476,8.278144129391838e-10,0.013103199023199,0
592,3,0.24609375,0.2109375,7.034161798828121e-10,0.0046011233211233,0
593,15,0.1121651785714285,0.194044031438224,1.1470155394162376e-09,0.0283069108669108,0
594,10,0.1197916666666666,0.1395843050339312,8.508833198179008e-10,0.0180043956043956,0
595,10,0.2061631944444444,0.2905821644723116,1.199531333976446e-09,0.012403028083028,0
596,10,0.2161458333333333,0.3645740326194621,9.250784929356357e-10,0.010002442002442,0
597,0,0.0,0.0,4.2365441954641807e-10,0.0038009279609279,0
598,6,0.190625,0.1970454371379225,9.126388907524435e-10,0.0049011965811965,0
599,4,0.3151041666666667,0.107040437055024,1.0643529787202521e-09,0.0052012698412698,0
600,0,0.0,0.0,4.420475749745437e-10,0.0059014407814407,0
601,9,0.212890625,0.2240396987613886,8.894069752257135e-10,0.0220053724053724,0
602,17,0.074951171875,0.1011788384239417,1.2490797200632936e-09,0.0185045177045177,0
603,2,0.12109375,0.0,6.761984894768775e-10,0.0086021001221001,0
604,1,0.0,0.0,4.417338571413663e-10,0.0063015384615384,0
605,2,0.08203125,0.0,6.805601399007991e-10,0.010002442002442,0
606,3,0.28515625,0.08203125,5.432062746408555e-10,0.0055013431013431,0
607,2,1.5,0.0,8.707539313322852e-10,0.0073017826617826,0
608,5,0.3212890625,0.2901475491551871,6.660407585330318e-10,0.0054013186813186,0
609,12,0.1537642045454545,0.1394887086881871,8.634610160837838e-10,0.0177043223443223,0
610,4,0.2643229166666667,0.3112006406784545,8.238521619474e-10,0.008101978021978,0
611,25,0.0794270833333333,0.1063432272012241,1.5152927211592502e-09,0.0436106471306471,0
612,19,0.0577256944444444,0.0507237180034561,1.3251418514754135e-09,0.0298072771672771,0
613,4,0.3802083333333333,0.1751967519953558,8.115247824625685e-10,0.0065015873015873,0
614,2,0.9921875,0.0,5.861560880104834e-10,0.0058014163614163,0
615,1,0.0,0.0,6.659122623408335e-10,0.0069016849816849,0
616,5,0.2958984375,0.2625972749218596,8.569499180548286e-10,0.0056013675213675,0
617,4,0.3229166666666667,0.296486405030746,8.441520689746422e-10,0.006201514041514,0
618,0,0.0,0.0,3.9827845198867404e-10,0.005001221001221,0
619,3,0.359375,0.30078125,5.480480327335295e-10,0.0048011721611721,0
620,0,0.0,0.0,5.052851537283772e-10,0.0055013431013431,0
621,4,0.078125,0.041462717000236,7.356796509626752e-10,0.0071017338217338,0
622,1,0.0,0.0,5.93638640942899e-10,0.0054013186813186,0
623,6,0.27265625,0.3566078931447325,8.046637274444623e-10,0.0057013919413919,0
624,4,0.5234375,0.0359431607860475,9.27567634000784e-10,0.0065015873015873,0
625,6,0.303125,0.2479481225667478,1.0678223316501703e-09,0.0070017094017094,0
626,4,0.3580729166666667,0.1041503893532355,6.585458065540481e-10,0.0052012698412698,0
627,4,0.515625,0.0958425323936351,9.909159312146947e-10,0.0056013675213675,0
628,3,0.01953125,0.0078125,5.842548146806388e-10,0.0057013919413919,0
629,1,0.0,0.0,5.166387133420101e-10,0.005001221001221,0
630,1,0.0,0.0,5.35724138678866e-10,0.0048011721611721,0
631,7,0.1595052083333333,0.1461309393582242,8.891518364961587e-10,0.0147035897435897,0
632,8,0.2834821428571428,0.2258769757263128,8.82374785877533e-10,0.0170041514041514,0
633,1,0.0,0.0,6.418948397557029e-10,0.0064015628815628,0
634,4,0.12890625,0.1408779553631144,9.98624787275199e-10,0.0107026129426129,0
635,17,0.103515625,0.1889137376385176,1.938398009290008e-09,0.040009768009768,0
636,12,0.1079545454545454,0.1178164081547014,7.55624427306261e-10,0.0082020024420024,0
637,3,0.09375,0.0859375,5.027254113005601e-10,0.008101978021978,0
638,4,0.30078125,0.2875452862883804,7.259392218083264e-10,0.0065015873015873,0
639,8,0.0859375,0.1100109065209964,8.048732469305384e-10,0.0228055677655677,0
640,4,0.3463541666666667,0.3068223375694756,7.13747188244956e-10,0.0129031501831501,0
641,0,0.0,0.0,3.8293471368248146e-10,0.0056013675213675,0
642,4,0.20703125,0.088790245423085,6.793590268879303e-10,0.0066016117216117,0
643,7,0.2740885416666667,0.2744347205178999,1.23668064146544e-09,0.0067016361416361,0
644,6,0.22890625,0.2495308097209641,9.495913014285267e-10,0.0077018803418803,0
645,1,0.0,0.0,5.312651507019637e-10,0.0067016361416361,0
646,1,0.0,0.0,5.528853322709206e-10,0.0070017094017094,0
647,0,0.0,0.0,5.986784786235334e-10,0.0045010989010989,0
648,12,0.0372869318181818,0.0251705186742462,9.852860681515101e-10,0.0228055677655677,0
649,7,0.2981770833333333,0.497954529156668,2.058092631331241e-09,0.0140034188034188,0
650,8,0.2377232142857142,0.3059114935997896,2.2157038400227502e-09,0.0157038339438339,0
651,17,0.082275390625,0.1222808243441661,1.1128858018867748e-09,0.0107026129426129,0
652,10,0.15234375,0.203683460398557,9.317287728975e-10,0.0087021245421245,0
653,5,0.384765625,0.2366507353815758,8.135501592361137e-10,0.0107026129426129,0
654,14,0.1355168269230769,0.1304079614923131,1.0374431336198732e-09,0.0099024175824175,0
655,2,0.1015625,0.0,6.651828477048827e-10,0.0119029059829059,0
656,9,0.2041015625,0.2388788452797107,9.37519128809479e-10,0.0248060561660561,0
657,8,0.2165178571428571,0.1889459815516469,1.184671999415589e-09,0.0134032722832722,0
658,2,0.5546875,0.0,7.04307476298376e-10,0.0072017582417582,0
659,4,0.2903645833333333,0.2283365647581559,6.602598945218564e-10,0.008101978021978,0
660,3,0.83984375,0.20703125,5.785618213631605e-10,0.0082020024420024,0
661,2,0.0234375,0.0,6.353980212167597e-10,0.0069016849816849,0
662,0,0.0,0.0,4.6535123387372703e-10,0.007401807081807,0
663,4,0.1875,0.2513594224308921,4.892049827546622e-10,0.0067016361416361,0
664,1,0.0,0.0,5.398305379775732e-10,0.0054013186813186,0
665,3,0.2734375,0.25,5.989873605315455e-10,0.0060014652014652,0
666,1,0.0,0.0,4.974718174580812e-10,0.0054013186813186,0
667,4,0.2877604166666667,0.2726613488459886,7.280853179262061e-10,0.0059014407814407,0
668,1,0.0,0.0,5.683745350197387e-10,0.0059014407814407,0
669,2,1.00390625,0.0,5.922371544223648e-10,0.0056013675213675,0
670,4,0.5338541666666666,0.4613161991884531,7.6697053561179e-10,0.0057013919413919,0
671,2,0.14453125,0.0,4.1114427307192865e-10,0.0065015873015873,0
672,2,1.25,0.0,7.52386123163653e-10,0.0058014163614163,0
673,1,0.0,0.0,7.028959032865281e-10,0.006201514041514,0
674,4,0.5768229166666666,0.314387744453958,5.74445125923205e-10,0.0075018315018314,0
675,1,0.0,0.0,5.83087024942565e-10,0.005001221001221,0
676,4,0.10546875,0.1077351020491541,5.342937018317627e-10,0.0045010989010989,0
677,9,0.2001953125,0.1592815050134681,1.196427788735481e-09,0.0084020512820512,0
678,21,0.091015625,0.1406743619962318,1.690863006253345e-09,0.0283069108669108,0
679,17,0.088134765625,0.2193680614884824,1.583140343579904e-09,0.0239058363858363,0
680,5,0.291015625,0.3416405892693784,7.68112857541658e-10,0.0069016849816849,0
681,2,0.6484375,0.0,6.70412402270518e-10,0.0087021245421245,0
682,8,0.2120535714285714,0.356847150180796,1.010495504359973e-09,0.0140034188034188,0
683,7,0.2376302083333333,0.1890858589363471,6.868245824518716e-10,0.0190046398046398,0
684,9,0.1640625,0.1474577038138818,7.996566394131068e-10,0.0077018803418803,0
685,12,0.108309659090909,0.1279730220139311,2.094959181041198e-09,0.0156038095238095,0
686,7,0.2135416666666666,0.1706822168895353,8.808704538343388e-10,0.0078019047619047,0
687,13,0.1569010416666666,0.2517882077618516,3.796117991356086e-09,0.0261063736263736,0
688,5,0.0673828125,0.0452497376492308,2.9909734521685073e-09,0.0202049328449328,0
689,6,0.1015625,0.0559562643108437,1.4462554186355122e-09,0.0220053724053724,0
690,21,0.0451171875,0.040735183362472,1.528962341257728e-09,0.023105641025641,0
691,8,0.25390625,0.2665507109895186,6.362554993507373e-10,0.0077018803418803,0
692,15,0.1205357142857142,0.2671750056751669,1.929899038531422e-09,0.031207619047619,0
693,28,0.0724826388888889,0.0973713049674137,1.2017483104078799e-09,0.0280068376068376,0
694,10,0.2126736111111111,0.3084432381231664,1.8940240584714603e-09,0.0240058608058608,0
695,3,0.3828125,0.35546875,7.838721895727387e-10,0.0052012698412698,0
696,2,1.6640625,0.0,5.293865824600715e-10,0.0036008791208791,0
697,2,0.63671875,0.0,8.33599216039692e-10,0.0046011233211233,0
698,8,0.1099330357142857,0.1154527208676339,1.5829388181623182e-09,0.0078019047619047,0
699,11,0.18125,0.1700560712906554,8.250610401609142e-10,0.0236057631257631,0
700,48,0.0407247340425531,0.0565940041122601,2.672157442721774e-09,0.0639156043956044,0
701,24,0.0832201086956521,0.180300948003817,3.569254732218331e-09,0.0810197802197802,0
702,2,0.7734375,0.0,9.439170956570223e-10,0.0073017826617826,0
703,16,0.0940104166666666,0.1191029795943992,1.5027690464403487e-09,0.0240058608058608,0
704,10,0.1158854166666666,0.1326975605583049,1.1151450594688344e-09,0.0252061538461538,0
705,5,0.2314453125,0.2627425027316654,1.0057121867690204e-09,0.0055013431013431,0
706,2,0.88671875,0.0,9.924534357012034e-10,0.0041010012210012,0
707,6,0.21484375,0.3294708263118678,8.619766759089674e-10,0.0069016849816849,0
708,6,0.2515625,0.1489423978947062,8.528353657030968e-10,0.0053012942612942,0
709,2,0.3359375,0.0,6.119514998635878e-10,0.0107026129426129,0
710,6,0.2421875,0.2683113243917874,7.271995207449075e-10,0.0082020024420024,0
711,3,0.41015625,0.34375,5.012217443135482e-10,0.0052012698412698,0
712,17,0.029296875,0.0147457703813881,1.2348082229549718e-09,0.0327079853479853,0
713,3,0.412109375,0.392578125,5.854813017416039e-10,0.0044010744810744,0
714,1,0.0,0.0,5.154374448387726e-10,0.0048011721611721,0
715,6,0.21796875,0.121518910886845,1.1417556980056976e-09,0.0071017338217338,0
716,1,0.0,0.0,4.5807060003488576e-10,0.0047011477411477,0
717,2,1.28515625,0.0,4.712528661475546e-10,0.0047011477411477,0
718,1,0.0,0.0,4.153644889908626e-10,0.0036008791208791,0
719,5,0.2744140625,0.2580694594217426,1.1239332632776427e-09,0.0059014407814407,0
720,0,0.0,0.0,5.821668574015184e-10,0.00430105006105,0
721,4,0.4296875,0.3270225776243005,7.236297973262831e-10,0.0086021001221001,0
722,8,0.1121651785714285,0.1006075097297941,1.719642538009067e-09,0.0227055433455433,0
723,9,0.22509765625,0.2763788335388509,9.239358349835112e-10,0.0205050061050061,0
724,10,0.2083333333333333,0.25608374518624,2.484167133836605e-09,0.0207050549450549,0
725,3,0.771484375,0.705078125,1.1108532876976672e-09,0.0061014896214896,0
726,3,0.654296875,0.630859375,5.139440291512176e-10,0.0058014163614163,0
727,4,0.5703125,0.1612797231165209,6.216798339637737e-10,0.0044010744810744,0
728,3,0.333984375,0.259765625,6.345308700677291e-10,0.006201514041514,0
729,0,0.0,0.0,4.687820601339374e-10,0.0087021245421245,0
730,3,0.82421875,0.7890625,6.988222332544674e-10,0.005001221001221,0
731,8,0.1077008928571428,0.1096508229496393,8.751038460187382e-10,0.0133032478632478,0
732,1,0.0,0.0,6.237378794384288e-10,0.0045010989010989,0
733,5,0.0322265625,0.0157162860736631,9.455600429959404e-10,0.0130031746031746,0
734,5,0.2919921875,0.1765040478120628,9.276490037994157e-10,0.0117028571428571,0
735,3,0.162109375,0.087890625,1.1657412625361343e-09,0.0096023443223443,0
736,10,0.1571180555555555,0.1898255108281015,1.235066660759197e-09,0.0352085958485958,0
737,6,0.2703125,0.3997252474356605,9.275467988737791e-10,0.0060014652014652,0
738,1,0.0,0.0,3.5443054546906423e-10,0.0042010256410256,0
739,5,0.4345703125,0.4179265366387441,5.346244042214738e-10,0.0071017338217338,0
740,6,0.3078125,0.2989789754052532,1.3277683109184939e-09,0.0113027594627594,0
741,28,0.0626446759259259,0.0710360269573036,2.2344786969343404e-09,0.0273066666666666,0
742,8,0.20703125,0.1400035873264886,1.4634479251924302e-09,0.0391095482295482,0
743,22,0.0848214285714285,0.1015849824670956,1.5137993637077882e-09,0.0333081318681318,0
744,12,0.1580255681818181,0.1738838859457097,9.393619563963544e-10,0.0313076434676434,0
745,9,0.1962890625,0.2726114055841938,5.97905876683349e-10,0.0176042979242979,0
746,4,0.0403645833333333,0.0036828478186799,9.495873384623955e-10,0.0110026862026862,0
747,9,0.1171875,0.1379686172847606,7.712581656320209e-10,0.0225054945054945,0
748,8,0.25,0.2360431705180522,9.056386182774115e-10,0.0307074969474969,0
749,6,0.3328125,0.430555940580025,6.916675774791615e-10,0.0120029304029304,0
750,4,0.1953125,0.2005039224470849,5.895404995221845e-10,0.0123030036630036,0
751,1,0.0,0.0,4.4351264599089687e-10,0.0192046886446886,0
752,9,0.24609375,0.2493124089292263,7.904645246220335e-10,0.0132032234432234,0
753,7,0.3079427083333333,0.3339589922940707,7.541960456108806e-10,0.0132032234432234,0
754,14,0.0967548076923077,0.1417071895177542,8.570152315802497e-10,0.016203956043956,0
755,18,0.0818014705882353,0.0706496028050677,2.5358776798852342e-09,0.0201049084249084,0
756,12,0.1360085227272727,0.1230856854132174,1.5628887096148999e-09,0.0149036385836385,0
757,12,0.0870028409090909,0.0918832087537113,8.862757835643021e-10,0.021205177045177,0
758,34,0.0597774621212121,0.0765313599155235,1.4023596705831134e-09,0.0326079609279609,0
759,30,0.068426724137931,0.1616347880441555,1.8391621227372714e-09,0.0623152136752136,0
760,4,0.4622395833333333,0.6122755266458998,8.347692391319335e-10,0.0154037606837606,0
761,23,0.0525568181818181,0.0772745550418861,3.738948582631332e-09,0.1010246642246642,0
762,19,0.0776909722222222,0.0716369388507699,2.007028150092768e-09,0.0613149694749694,0
763,1,0.0,0.0,4.921352895955116e-10,0.0058014163614163,0
764,26,0.036875,0.0335133485532257,1.358971129783e-09,0.037409133089133,0
765,22,0.0658482142857142,0.0578045275115114,1.355214914011846e-09,0.0238058119658119,0
766,4,0.2486979166666666,0.2611513075313758,5.572029730969749e-10,0.0115028083028083,0
767,21,0.0626953125,0.0706099934796712,1.5205250990106759e-09,0.0304074236874236,0
768,17,0.115966796875,0.1143347326383977,1.5546867825313336e-09,0.0466113797313797,0
769,10,0.12109375,0.1371582716902468,1.0796961719366135e-09,0.0265064713064713,0
770,10,0.1905381944444444,0.1859362031804554,9.633610829481364e-10,0.0309075457875457,0
771,12,0.1743607954545454,0.3522297673585096,9.200658654871107e-10,0.0170041514041514,0
772,4,0.6080729166666666,0.5042173754199147,9.560069458421104e-10,0.0173042246642246,0
773,13,0.1647135416666666,0.225357299433076,8.88229302240291e-10,0.0249060805860805,0
774,6,0.35,0.2800386238706636,8.687615983002885e-10,0.0264064468864468,0
775,11,0.132421875,0.1337678187969854,1.0504848014978507e-09,0.0177043223443223,0
776,10,0.1805555555555555,0.2132379841533924,1.122575810814135e-09,0.0128031257631257,0
777,5,0.19140625,0.2734793494760504,6.810914394247726e-10,0.0129031501831501,0
778,4,0.0833333333333333,0.0554571339558511,4.728814262596886e-10,0.0126030769230769,0
779,7,0.05078125,0.0533695352393729,7.924473791475278e-10,0.0092022466422466,0
780,7,0.1861979166666666,0.1086206001977819,7.543230975479715e-10,0.0221053968253968,0
781,12,0.1342329545454545,0.1452948647434454,8.626104802744566e-10,0.0218053235653235,0
782,7,0.1477864583333333,0.1212074538979569,8.555226614807657e-10,0.0176042979242979,0
783,5,0.3681640625,0.3821979182547463,5.860726980017844e-10,0.0222054212454212,0
784,11,0.1453125,0.2358275302492003,1.0979550745347447e-09,0.0178043467643467,0
785,10,0.2083333333333333,0.2042569953242455,8.555295379986312e-10,0.0159038827838827,0
786,6,0.24296875,0.2737096859584987,7.756391597566047e-10,0.0160039072039072,0
787,16,0.1208333333333333,0.1219806788975432,1.077283734794323e-09,0.0230056166056166,0
788,12,0.1612215909090909,0.1776931294947221,8.666536870062511e-10,0.0164040048840048,0
789,16,0.1236979166666666,0.1580602599957704,1.221884112201477e-09,0.0216052747252747,0
790,10,0.2057291666666666,0.1687893794072792,8.133530772324268e-10,0.0234057142857142,0
791,11,0.186328125,0.2285877290090516,1.1120935400239426e-09,0.0255062271062271,0
792,30,0.0631734913793103,0.0478533516501953,1.2958094559528282e-09,0.0255062271062271,0
793,9,0.17041015625,0.1713408058159844,9.4385511789501e-10,0.0158038583638583,0
794,15,0.1411830357142857,0.1400803031497169,1.0349425870159043e-09,0.0235057387057387,0
795,10,0.1966145833333333,0.2260680668146948,8.626362351866013e-10,0.0158038583638583,0
796,4,0.37109375,0.2610668965594195,4.2543977800960403e-10,0.0101024664224664,0
797,7,0.23828125,0.1960792242295934,7.45302750695665e-10,0.0155037851037851,0
798,14,0.14453125,0.1464633398358285,1.084021895932381e-09,0.0291071062271062,0
799,11,0.187109375,0.2698845623631576,8.742064400546541e-10,0.0208050793650793,0
800,18,0.1123621323529411,0.1278928344269172,1.0413501022532615e-09,0.0161039316239316,0
801,6,0.26484375,0.2285927353873587,8.157149951463708e-10,0.0191046642246642,0
802,13,0.1533203125,0.1705986954717038,1.020172439866808e-09,0.0196047863247863,0
803,17,0.111572265625,0.0956928481208916,1.5626351263713902e-09,0.0568138705738705,0
804,27,0.073467548076923,0.0611138661309464,1.3573004387693603e-09,0.0285069597069597,0
805,10,0.1892361111111111,0.2130497311853277,1.098715013036499e-09,0.0233056898656898,0
806,25,0.07666015625,0.0826398284887187,1.868747013070788e-09,0.0286069841269841,0
807,20,0.1032072368421052,0.1566315027483941,1.209928559105814e-09,0.0196047863247863,0
808,9,0.150390625,0.1137517170200081,8.217212147844013e-10,0.0184044932844932,0
809,8,0.2734375,0.3267202605092499,9.917552391052846e-10,0.0165040293040293,0
810,13,0.1513671875,0.1338721989262335,9.234059144902207e-10,0.0210051282051282,0
811,13,0.1494140625,0.0987841763487834,8.99780309580275e-10,0.0139033943833943,0
812,18,0.1082261029411764,0.1060565786640298,1.0482098294884466e-09,0.0206050305250305,0
813,15,0.11328125,0.0789300043805767,7.779188116184453e-10,0.0189046153846153,0
814,5,0.3037109375,0.3348726651180441,5.901213131195389e-10,0.0275067155067155,0
815,12,0.1395596590909091,0.1822788298559714,9.83479415078545e-10,0.0178043467643467,0
816,13,0.1276041666666666,0.1364425533576438,1.0390927099732612e-09,0.0223054456654456,0
817,10,0.2196180555555555,0.3665764797282678,8.38864697615842e-10,0.0257062759462759,0
818,9,0.20361328125,0.2204128821275836,8.51239915721658e-10,0.0168041025641025,0
819,28,0.0632233796296296,0.070936953774871,1.3254800307971095e-09,0.0210051282051282,0
820,15,0.130859375,0.1462013635121141,1.1229869483131843e-09,0.0204049816849816,0
821,30,0.0646551724137931,0.097780557774202,1.932478794957332e-09,0.0421102808302808,0
822,21,0.085546875,0.1065618985961768,1.208503535885919e-09,0.0195047619047619,0
823,14,0.1394230769230769,0.2179403404133224,1.1271965670102686e-09,0.0178043467643467,0
824,19,0.1011284722222222,0.0953716169630412,1.199709760047729e-09,0.0220053724053724,0
825,12,0.13671875,0.165460091573192,1.212331035546752e-09,0.0170041514041514,0
826,31,0.061328125,0.0769716295433407,1.763267980323841e-09,0.034308376068376,0
827,27,0.068359375,0.0933060527238713,2.422154993894062e-09,0.0571139438339438,0
828,20,0.0995065789473684,0.1061281502243387,1.0434721293938895e-09,0.0361088156288156,0
829,25,0.0712890625,0.0709627950553232,1.3141562997103286e-09,0.0421102808302808,0
830,19,0.0896267361111111,0.1075813385716978,9.018167424760831e-10,0.0268065445665445,0
831,17,0.1083984375,0.1025948508950414,1.4213115069814356e-09,0.0305074481074481,0
832,24,0.0801630434782608,0.086190874975559,1.144507953815703e-09,0.01810442002442,0
833,7,0.1393229166666666,0.1749643440858419,8.832649758073293e-10,0.014303492063492,0
834,18,0.1056985294117647,0.1097802251469512,8.932431217816403e-10,0.023105641025641,0
835,19,0.1067708333333333,0.1255818705331196,1.3967233526313767e-09,0.0213052014652014,0
836,13,0.15625,0.1155264219417647,9.72176078271545e-10,0.027406691086691,0
837,13,0.1259765625,0.1637686868735686,9.038065346673403e-10,0.0176042979242979,0
838,9,0.2421875,0.2308573921234641,1.0275170565363443e-09,0.0339082783882783,0
839,19,0.0985243055555555,0.1687670566082703,1.510075710648055e-09,0.0246060073260073,0
840,8,0.19140625,0.1782991786246203,1.0364755013335596e-09,0.0194047374847374,0
841,17,0.103271484375,0.0905412879253622,1.123345838136646e-09,0.0215052503052503,0
842,8,0.1964285714285714,0.2061683318520899,7.82288736226465e-10,0.0195047619047619,0
843,12,0.1676136363636363,0.242813606845175,8.471985311972146e-10,0.0115028083028083,0
844,15,0.0912388392857142,0.084886110353268,1.171514974572724e-09,0.0251061294261294,0
845,3,0.666015625,0.380859375,4.69350539326787e-10,0.0144035164835164,0
846,6,0.12265625,0.100887177858487,8.98695921498119e-10,0.0136033211233211,0
847,7,0.2740885416666667,0.2598798177367448,8.390866487606985e-10,0.0168041025641025,0
848,23,0.0674715909090909,0.165979824925839,1.5664699864920211e-09,0.0192046886446886,0
849,42,0.0382050304878048,0.0426559096904032,4.723944705505202e-09,0.0878214407814407,0
850,19,0.087890625,0.0693076587970286,1.1683678029273836e-09,0.0226055189255189,0
851,15,0.1389508928571428,0.1128929834555209,1.2021187874667728e-09,0.0356086935286935,0
852,17,0.09130859375,0.1027005332063764,1.0999166781275294e-09,0.0211051526251526,0
853,6,0.19375,0.1255991500145403,1.177780125857049e-09,0.0397096947496947,0
854,4,0.2473958333333333,0.294903909726918,8.071467985616336e-10,0.0148036141636141,0
855,12,0.1537642045454545,0.2880831879552568,9.310796844693935e-10,0.0213052014652014,0
856,9,0.18115234375,0.21714795527891,1.365983291156425e-09,0.0199048595848595,0
857,15,0.1241629464285714,0.1287385490197359,8.387485113689896e-10,0.0186045421245421,0
858,15,0.1116071428571428,0.099258225214036,1.2305890151028083e-09,0.02240547008547,0
859,20,0.0836759868421052,0.0688386720408797,1.6402717934368574e-09,0.0235057387057387,0
860,13,0.1236979166666666,0.1315651958931362,1.2027675934498275e-09,0.0154037606837606,0
861,12,0.0696022727272727,0.0512250651143663,1.085740635799301e-09,0.0314076678876678,0
862,5,0.376953125,0.3180236918902672,5.54534303551302e-10,0.0125030525030525,0
863,4,0.4440104166666667,0.3601714077010378,6.222209922759371e-10,0.0170041514041514,0
864,10,0.171875,0.1674278678381213,9.219874556427323e-10,0.0172042002442002,0
865,13,0.1363932291666666,0.159371954861806,1.4585642551659606e-09,0.0161039316239316,0
866,4,0.2604166666666667,0.3159048453423339,6.756671753938808e-10,0.013103199023199,0
867,0,0.0,0.0,5.285073915811666e-10,0.0142034676434676,0
868,12,0.1345880681818181,0.101170622309884,1.2723379856750391e-09,0.0311075946275946,0
869,12,0.1246448863636363,0.097157169953764,1.1983557662257868e-09,0.0163039804639804,0
870,30,0.0575161637931034,0.0881433241757979,2.286520841043792e-09,0.042410354090354,0
871,14,0.1120793269230769,0.1644796709071807,7.812793579792206e-10,0.0164040048840048,0
872,11,0.18125,0.1882082975887354,1.1545326874997204e-09,0.0167040781440781,0
873,14,0.0970552884615384,0.0731409942586423,9.460102778784095e-10,0.0176042979242979,0
874,12,0.1800426136363636,0.2380596640236903,7.667510664892187e-10,0.0159038827838827,0
875,6,0.22109375,0.1598148037084643,6.875290504926492e-10,0.0140034188034188,0
876,15,0.126953125,0.176910743702705,9.045327474828961e-10,0.0180043956043956,0
877,17,0.109619140625,0.1204816050912949,1.753689787024551e-09,0.0229055921855921,0
878,30,0.0604795258620689,0.0573330675570143,1.8434392591958977e-09,0.0369090109890109,0
879,6,0.2828125,0.3072269970793175,9.512248255852307e-10,0.0225054945054945,0
880,21,0.0677734375,0.0681108764566953,1.1753098509566002e-09,0.0272066422466422,0
881,20,0.0559210526315789,0.0467558214874994,1.3009688290380252e-09,0.0241058852258852,0
882,18,0.1008731617647058,0.0975618596599908,1.615126175250946e-09,0.0184044932844932,0
883,8,0.1824776785714285,0.192815673244817,8.894425487431438e-10,0.0367089621489621,0
884,18,0.1123621323529411,0.0962026878673248,1.4185294197327735e-09,0.0447109157509157,0
885,6,0.165625,0.1393299745097048,1.0059252656451026e-09,0.0246060073260073,0
886,19,0.1059027777777777,0.1613369466040131,1.339642002120539e-09,0.0237057875457875,0
887,27,0.07421875,0.077324626132238,2.022251349004153e-09,0.0349085225885225,0
888,11,0.073828125,0.0878593694424682,1.1665699056510068e-09,0.0199048595848595,0
889,12,0.0983664772727272,0.2112714251217133,1.8527740297028293e-09,0.042410354090354,0
890,8,0.2081473214285714,0.21047935412774,1.0649990685719276e-09,0.0158038583638583,0
891,5,0.345703125,0.3175915779745908,7.25079726958447e-10,0.009302271062271,0
892,18,0.0992647058823529,0.0508441145021632,1.2316286930068979e-09,0.0249060805860805,0
893,15,0.0892857142857142,0.1316739633532743,1.2607231463358407e-09,0.023105641025641,0
894,24,0.077445652173913,0.0820405676475238,1.80691678695914e-09,0.0483117948717948,0
895,14,0.0591947115384615,0.037084732260917,3.967485456234598e-09,0.0260063492063492,0
896,10,0.2026909722222222,0.187467847037404,9.151531036203655e-10,0.0153037362637362,0
897,2,1.3203125,0.0,5.664121027273499e-10,0.0128031257631257,0
898,23,0.0456321022727272,0.0418134054841253,2.947347909105292e-09,0.0165040293040293,0
899,4,0.0390625,0.0307578432578586,9.090347917328227e-10,0.0123030036630036,0
900,6,0.1140625,0.108292635584674,2.29075020527058e-09,0.0468114285714285,0
901,2,0.89453125,0.0,6.233698366482249e-10,0.0145035409035409,0
902,5,0.1279296875,0.0101016410476451,1.1434540558224162e-09,0.0069016849816849,0
903,3,0.359375,0.01953125,1.2977919476674627e-09,0.0084020512820512,0
904,9,0.24267578125,0.142289378798017,1.3171423111212487e-09,0.0076018559218559,0
905,4,0.59765625,0.814831640410178,1.1729543663838534e-09,0.0164040048840048,0
906,10,0.1957465277777778,0.282257577678996,9.559079538017267e-10,0.0120029304029304,0
907,9,0.2216796875,0.1966531138949745,2.578336984037533e-09,0.048111746031746,0
908,14,0.1451322115384615,0.1047019193240178,3.6145803027270518e-09,0.0739180463980463,0
909,11,0.18203125,0.2521707514574698,9.233696450514787e-10,0.0114027838827838,0
910,16,0.121875,0.1249853507040925,9.173982372027815e-10,0.0267065201465201,0
911,0,0.0,0.0,4.3230913982402076e-10,0.0058014163614163,0
912,1,0.0,0.0,4.6436944148139203e-10,0.0067016361416361,0
913,4,0.4010416666666667,0.3366533877331731,4.834385117938801e-10,0.0048011721611721,0
914,4,0.3932291666666667,0.3392570566361598,6.56588477490492e-10,0.0068016605616605,0
915,0,0.0,0.0,3.0829087922151103e-10,0.005001221001221,0
916,33,0.036865234375,0.0542755963461861,4.7185695030532486e-09,0.087421343101343,0
917,37,0.0529513888888888,0.0709632098403726,3.508535713074403e-09,0.0726177289377289,0
918,32,0.0568296370967741,0.1111111075826594,1.736349058546002e-09,0.0208050793650793,0
919,2,0.0625,0.0,7.581918050682358e-10,0.0066016117216117,0
920,10,0.0750868055555555,0.045284720358585,1.8770858205968672e-09,0.0142034676434676,0
921,56,0.0325994318181818,0.0342182163672115,6.859571208462291e-09,0.0714174358974359,0
922,63,0.0294858870967741,0.0199757560635849,7.312510631581144e-09,0.0775189255189255,0
923,32,0.0530493951612903,0.0568392754772731,2.78698261191393e-09,0.0435106227106227,0
924,16,0.11640625,0.0992341277453225,1.1802551132221462e-09,0.02240547008547,0
925,40,0.0378605769230769,0.0506705975634745,4.419162385498523e-09,0.0738180219780219,0
926,26,0.065625,0.0805104564249265,2.0302462607536442e-09,0.071917557997558,0
927,12,0.1455965909090909,0.1478859642625969,1.295172831213353e-09,0.0158038583638583,0
928,18,0.0783547794117647,0.0918589002382699,1.4787870395528362e-09,0.019304713064713,0
929,0,0.0,0.0,4.24078355009273e-10,0.0145035409035409,0
930,5,0.1923828125,0.3062407200244184,1.0542277347809052e-09,0.0156038095238095,0
931,4,0.1927083333333333,0.1515347554789183,8.62621857277592e-10,0.0069016849816849,0
932,6,0.3,0.3953109560246528,6.429183134669053e-10,0.0155037851037851,0
933,4,0.4296875,0.3472390403913059,6.713961216951716e-10,0.0072017582417582,0
934,3,0.466796875,0.298828125,6.154213064526709e-10,0.0055013431013431,0
935,3,0.568359375,0.541015625,5.669245058038555e-10,0.0277067643467643,0
936,6,0.20625,0.2800255464071537,6.48120416120645e-10,0.0127031013431013,0
937,2,0.96875,0.0,1.1246314814209154e-09,0.0069016849816849,0
938,2,0.11328125,0.0,5.446494354919261e-10,0.0058014163614163,0
939,5,0.16796875,0.1147201184030344,8.853103409550865e-10,0.0066016117216117,0
940,5,0.296875,0.338257342544336,7.82799238476894e-10,0.0055013431013431,0
941,3,0.365234375,0.326171875,7.562094024548236e-10,0.0060014652014652,0
942,5,0.474609375,0.5185574461437922,7.763811266000481e-10,0.0069016849816849,0
943,2,0.828125,0.0,6.478805503888492e-10,0.0066016117216117,0
944,0,0.0,0.0,2.9359617052497085e-10,0.0061014896214896,0
945,0,0.0,0.0,3.4288388428870336e-10,0.0039009523809523,0
946,2,0.85546875,0.0,4.5055143931202764e-10,0.005001221001221,0
947,3,0.060546875,0.005859375,9.403653089550522e-10,0.0166040537240537,0
948,0,0.0,0.0,5.68595356966751e-10,0.0079019291819291,0
949,4,0.09765625,0.0522133793118839,7.70912662539265e-10,0.0054013186813186,0
950,2,0.3515625,0.0,4.862725229254531e-10,0.0134032722832722,0
951,2,0.66015625,0.0,5.755222280877614e-10,0.005001221001221,0
952,2,0.0078125,0.0,4.695709932216914e-10,0.0057013919413919,0
953,2,0.10546875,0.0,7.703039509415423e-10,0.0055013431013431,0
954,2,0.08203125,0.0,4.6462924201019427e-10,0.0047011477411477,0
955,3,0.029296875,0.001953125,7.257269955086461e-10,0.0045010989010989,0
956,10,0.1822916666666666,0.2307885316781721,1.186818961504172e-09,0.0179043711843711,0
957,0,0.0,0.0,3.76217641580794e-10,0.0047011477411477,0
958,4,0.6041666666666666,0.4263880582974628,9.027658673320303e-10,0.0070017094017094,0
959,3,0.220703125,0.029296875,6.62320650886642e-10,0.0070017094017094,0
960,3,0.404296875,0.349609375,7.635907800757274e-10,0.0042010256410256,0
961,2,0.0234375,0.0,5.96109158105495e-10,0.0065015873015873,0
962,7,0.1907552083333333,0.1761630209957891,8.73187878557899e-10,0.0116028327228327,0
963,12,0.1331676136363636,0.1815342854156733,8.9361313994012e-10,0.0171041758241758,0
964,7,0.1946614583333333,0.2709279995310645,3.024642658091891e-09,0.0329080341880341,0
965,3,0.53125,0.47265625,9.429204286018046e-10,0.0109026617826617,0
966,5,0.384765625,0.3151075294672489,8.58539144345005e-10,0.0068016605616605,0
967,14,0.1243990384615384,0.1183619647970322,8.802681761601746e-10,0.0215052503052503,0
968,23,0.0886008522727272,0.2837527395135542,2.145354939552799e-09,0.0194047374847374,0
969,14,0.1168870192307692,0.1612733782892916,1.8457496690326358e-09,0.0354086446886446,0
970,6,0.25234375,0.2643189398305104,1.2520435906940027e-09,0.0069016849816849,0
971,7,0.142578125,0.1785338589338372,1.2927251286225643e-09,0.0070017094017094,0
972,20,0.0851151315789473,0.0652605174749718,2.0821037917892887e-09,0.0327079853479853,0
973,13,0.14453125,0.1595118514773079,1.35107374310671e-09,0.0208050793650793,0
974,13,0.1321614583333333,0.1589515262611147,1.1435992826617824e-09,0.0114027838827838,0
975,7,0.2565104166666667,0.2922096647490343,7.144424526535904e-10,0.008101978021978,0
976,10,0.2087673611111111,0.1929115545078996,8.731810561996e-10,0.0070017094017094,0
977,6,0.31015625,0.2535586563055972,9.709567000904567e-10,0.0073017826617826,0
978,4,0.5104166666666666,0.3080135852630484,7.605218713334554e-10,0.0069016849816849,0
979,5,0.3115234375,0.3709330963927481,6.497605978275048e-10,0.0066016117216117,0
980,2,1.6484375,0.0,4.548040933171428e-10,0.0066016117216117,0
981,2,0.3515625,0.0,5.411441532220492e-10,0.0072017582417582,0
982,4,0.3203125,0.3567755854306387,8.397331328707244e-10,0.0071017338217338,0
983,4,0.5013020833333334,0.1371582716902468,4.780739688763956e-10,0.006201514041514,0
984,4,0.3645833333333333,0.2686775681624362,1.2875067810106726e-09,0.0079019291819291,0
985,3,0.794921875,0.708984375,1.0590960951208772e-09,0.0058014163614163,0
986,4,0.4921875,0.2826030819950925,8.13924528795465e-10,0.007401807081807,0
987,4,0.5546875,0.7269474226782441,1.070490064177106e-09,0.0066016117216117,0
988,12,0.1278409090909091,0.1643082820519955,1.2299759526865754e-09,0.010502564102564,0
989,6,0.30390625,0.4310518113434857,2.35381301983866e-09,0.015003663003663,0
990,2,0.765625,0.0,7.007315239472403e-10,0.0097023687423687,0
991,1,0.0,0.0,4.3219265133184537e-10,0.0064015628815628,0
992,2,0.234375,0.0,8.903745236520531e-10,0.0072017582417582,0
993,6,0.24296875,0.1746473847052254,1.3210180203669784e-09,0.0107026129426129,0
994,6,0.35390625,0.2323690197253605,1.2243283089794646e-09,0.0072017582417582,0
995,2,0.74609375,0.0,6.645138966925254e-10,0.0058014163614163,0
996,2,0.4609375,0.0,6.570856500815864e-10,0.0056013675213675,0
997,4,0.4401041666666667,0.1376025501419052,8.722117024543765e-10,0.0054013186813186,0
998,8,0.0954241071428571,0.1033677376653422,1.3161756478835231e-09,0.0057013919413919,0
999,8,0.1077008928571428,0.1328757914919215,8.379068740346785e-10,0.0267065201465201,0
1000,24,0.0716711956521739,0.0853535052700569,1.4954822954822952e-09,0.034308376068376,0
1001,6,0.140625,0.142735893020116,7.930969241466035e-10,0.0301073504273504,0
1002,2,0.31640625,0.0,8.096113867075977e-10,0.0096023443223443,0
1003,8,0.1902901785714285,0.2259527884043286,1.0678830689834007e-09,0.0157038339438339,0
1004,9,0.20947265625,0.3510083387422258,5.789280174868543e-10,0.0073017826617826,0
1005,8,0.2165178571428571,0.2806048616984407,9.196727951535644e-10,0.016203956043956,0
1006,6,0.3015625,0.2803087548523502,1.346760623730919e-09,0.0069016849816849,0
1007,17,0.113037109375,0.1114348853334583,1.3176426564146914e-09,0.0179043711843711,0
1008,9,0.23876953125,0.2643902071283394,6.569679432903448e-10,0.0169041269841269,0
1009,3,0.564453125,0.548828125,5.135109576100876e-10,0.0164040048840048,0
1010,0,0.0,0.0,4.464999246192011e-10,0.0065015873015873,0
1011,6,0.20703125,0.1752161054062953,8.475331744233414e-10,0.0064015628815628,0
1012,1,0.0,0.0,4.1895973146545484e-10,0.0071017338217338,0
1013,16,0.1307291666666666,0.152912710694742,1.0167300182181131e-09,0.0241058852258852,0
1014,4,0.53125,0.2983788664042188,6.350099032805647e-10,0.0153037362637362,0
1015,6,0.1640625,0.1250732207423915,4.94584215144254e-10,0.0171041758241758,0
1016,2,1.203125,0.0,6.175874951873692e-10,0.0116028327228327,0
1017,5,0.103515625,0.072265625,2.22104727876248e-09,0.0198048351648351,0
1018,13,0.0986328125,0.1203155120868895,1.3792875316012335e-09,0.0284069352869352,0
1019,3,0.046875,0.01953125,5.861621067106987e-10,0.0132032234432234,0
1020,2,0.578125,0.0,9.631675015160015e-10,0.0078019047619047,0
1021,15,0.0923549107142857,0.1623771262813496,2.320314948245351e-09,0.0346084493284493,0
1022,8,0.0513392857142857,0.0231971090299403,9.001815754791943e-10,0.0118028815628815,0
1023,7,0.052734375,0.0311481086299627,2.404895335298265e-09,0.0318077655677655,0
1024,13,0.0791015625,0.0882029318209059,1.0869661078051644e-09,0.0167040781440781,0
1025,11,0.076171875,0.0860838597427132,9.379060820238132e-10,0.0316077167277167,0
1026,5,0.0439453125,0.0300521143621662,1.0147886109023926e-09,0.0221053968253968,0
1027,19,0.1100260416666666,0.1977892013470094,1.984186319717455e-09,0.0252061538461538,0
1028,8,0.2578125,0.2134543139424101,1.247240538638203e-09,0.0095023199023199,0
1029,9,0.140625,0.1374284037675959,1.4841378946590139e-09,0.0175042735042735,0
1030,6,0.31484375,0.3516718579914022,7.447660561800326e-10,0.0104025396825396,0
1031,9,0.1953125,0.1484888891308454,1.626320570381067e-09,0.0164040048840048,0
1032,7,0.1731770833333333,0.088148252817775,1.7840976051827702e-09,0.0059014407814407,0
1033,6,0.35625,0.4044913858786118,6.699243698342255e-10,0.0070017094017094,0
1034,4,0.50390625,0.5486948885575359,7.984732266783549e-10,0.0109026617826617,0
1035,4,0.4296875,0.5717643477876543,8.009122264674004e-10,0.0137033455433455,0
1036,13,0.1507161458333333,0.15308860986511,1.047481347212345e-09,0.010002442002442,0
1037,12,0.1136363636363636,0.1669661088709106,1.0062961363799848e-09,0.0146035653235653,0
1038,11,0.1703125,0.1926870413350039,8.77503648258284e-10,0.0141034432234432,0
1039,11,0.136328125,0.2762547391597167,9.884125269656403e-10,0.0177043223443223,0
1040,5,0.40234375,0.1078648536834693,9.38074878174752e-10,0.0109026617826617,0
1041,7,0.216796875,0.1705940369399034,8.058890847252224e-10,0.0158038583638583,0
1042,7,0.2408854166666666,0.214080874110048,1.208557513755831e-09,0.0182044444444444,0
1043,6,0.346875,0.1918664747698904,7.748390913455016e-10,0.0086021001221001,0
1044,6,0.109375,0.1165870031215958,8.312692173283403e-10,0.0104025396825396,0
1045,11,0.15703125,0.1765590431077519,1.068599897634925e-09,0.0185045177045177,0
1046,3,0.310546875,0.173828125,6.595146571394281e-10,0.0064015628815628,0
1047,4,0.5234375,0.5997419014103414,7.083234355269611e-10,0.0148036141636141,0
1048,9,0.10009765625,0.1064217917677649,9.764249020888212e-10,0.0156038095238095,0
1049,9,0.1875,0.237535654704424,1.342432251740001e-09,0.0089021733821733,0
1050,8,0.1389508928571428,0.0537571186553227,1.0429602248183403e-09,0.0071017338217338,0
1051,25,0.0520833333333333,0.0596120996992687,2.244224169916706e-09,0.0605147741147741,0
1052,7,0.2578125,0.4825865841462199,7.253699570105819e-10,0.0132032234432234,0
1053,11,0.133984375,0.2476269822019666,9.97771243571667e-10,0.0211051526251526,0
1054,3,0.18359375,0.0625,8.463962800973445e-10,0.02240547008547,0
1055,21,0.0900390625,0.1801559577932907,2.537717289927969e-09,0.071217387057387,0
1056,86,0.0227481617647058,0.0161022749073149,6.443296084014089e-09,0.0921224908424908,0
1057,29,0.0578962053571428,0.1191477309220396,1.441087324695383e-09,0.0227055433455433,0
1058,8,0.1517857142857142,0.2876824301971405,1.2788159805616304e-09,0.0238058119658119,0
1059,11,0.180078125,0.1635077115261406,1.0451528096445675e-09,0.0248060561660561,0
1060,2,1.11328125,0.0,6.086819951517752e-10,0.0082020024420024,0
1061,1,0.0,0.0,5.097003528222047e-10,0.0084020512820512,0
1062,1,0.0,0.0,4.960155232033091e-10,0.0104025396825396,0
1063,5,0.4609375,0.4424593356138787,5.704883700891599e-10,0.008101978021978,0
1064,1,0.0,0.0,5.040520155232266e-10,0.0067016361416361,0
1065,2,0.5,0.0,7.416087007891035e-10,0.0071017338217338,0
1066,3,0.08984375,0.0625,7.765667652114536e-10,0.0060014652014652,0
1067,7,0.3125,0.371566310956066,7.836100992007583e-10,0.0123030036630036,0
1068,13,0.1087239583333333,0.1739621830131669,7.282794042652672e-10,0.0077018803418803,0
1069,3,0.115234375,0.041015625,7.627616780604417e-10,0.014303492063492,0
1070,2,0.77734375,0.0,9.714579404726496e-10,0.0072017582417582,0
1071,2,1.265625,0.0,4.3903146423893903e-10,0.0102024908424908,0
1072,6,0.0125,0.0015624999999999,5.628097408903841e-10,0.0082020024420024,0
1073,1,0.0,0.0,6.35651810033678e-10,0.007401807081807,0
1074,1,0.0,0.0,4.1847505109867743e-10,0.0087021245421245,0
1075,5,0.251953125,0.2851629387058005,5.517721004342454e-10,0.0059014407814407,0
1076,3,0.556640625,0.021484375,4.993604413261578e-10,0.0071017338217338,0
1077,4,0.2317708333333333,0.2763301853051235,5.492334802373722e-10,0.0096023443223443,0
1078,3,0.68359375,0.1953125,6.556438362313475e-10,0.0067016361416361,0
1079,3,0.68359375,0.2890625,4.4555292188648414e-10,0.0076018559218559,0
1080,1,0.0,0.0,2.834629895885047e-10,0.0139033943833943,0
1081,4,0.20703125,0.1681352130572048,4.773988704620573e-10,0.0099024175824175,0
1082,9,0.18212890625,0.2164000582583872,1.0822807130399276e-09,0.0115028083028083,0
1083,4,0.2513020833333333,0.1841700102213456,6.634204936631677e-10,0.0086021001221001,0
1084,1,0.0,0.0,6.262527096089366e-10,0.0057013919413919,0
1085,10,0.1675347222222222,0.2044017404378447,8.92891753149594e-10,0.0087021245421245,0
1086,0,0.0,0.0,3.5554992529008087e-10,0.0053012942612942,0
1087,0,0.0,0.0,5.784092427994099e-10,0.0073017826617826,0
1088,12,0.1079545454545454,0.1819679337130401,2.7416688557614037e-09,0.02240547008547,0
1089,2,0.8125,0.0,8.608801584133543e-10,0.0120029304029304,0
1090,10,0.0824652777777777,0.1399536012867024,1.2024724156592286e-09,0.014303492063492,0
1091,2,0.0078125,0.0,3.443551405604977e-10,0.0078019047619047,0
1092,3,0.869140625,0.802734375,4.2489342096141533e-10,0.006201514041514,0
1093,1,0.0,0.0,4.842224814194251e-10,0.0055013431013431,0
1094,5,0.2744140625,0.2683166558747783,5.381310270862125e-10,0.0055013431013431,0
1095,5,0.30078125,0.3498984053164128,5.595235090255693e-10,0.0084020512820512,0
1096,9,0.03271484375,0.0192298522143703,1.506013309882357e-09,0.0537131135531135,0
1097,9,0.1640625,0.2320029707093613,9.98217150347702e-10,0.014303492063492,0
1098,8,0.1958705357142857,0.2370975481303012,8.603585278279073e-10,0.0101024664224664,0
1099,2,0.0234375,0.0,5.374105348020753e-10,0.0090021978021978,0
1100,1,0.0,0.0,4.417249441073273e-10,0.0090021978021978,0
1101,1,0.0,0.0,7.814484383222936e-10,0.0077018803418803,0
1102,15,0.1107700892857142,0.1374153740224781,8.902318760892478e-10,0.0089021733821733,0
1103,4,0.2864583333333333,0.2688289713591411,1.0214288690150068e-09,0.0085020757020757,0
1104,2,0.11328125,0.0,5.980500826440042e-10,0.0070017094017094,0
1105,5,0.4716796875,0.3633796804656157,7.796907303560804e-10,0.0088021489621489,0
1106,5,0.4140625,0.3397651669202476,6.146114054596197e-10,0.0127031013431013,0
1107,7,0.25390625,0.3505410508347239,3.4026032506129235e-09,0.0296072283272283,0
1108,1,0.0,0.0,1.009877249031324e-09,0.0097023687423687,0
1109,10,0.1922743055555555,0.3014978261743951,1.6204325735060623e-09,0.0234057142857142,0
1110,6,0.26484375,0.1439790973327378,5.05227965302656e-10,0.0096023443223443,0
1111,11,0.15078125,0.1309170814926857,1.06595038135789e-09,0.0073017826617826,0
1112,15,0.1180245535714285,0.1447737059885918,1.4024237716330775e-09,0.0201049084249084,0
1113,3,0.74609375,0.21484375,1.0802535472536042e-09,0.0152037118437118,0
1114,18,0.0988051470588235,0.1087640888066873,1.512401806958812e-09,0.0363088644688644,0
1115,11,0.085546875,0.0741045585352421,1.435543234079463e-09,0.0483117948717948,0
1116,1,0.0,0.0,7.587858790239741e-10,0.0046011233211233,0
1117,18,0.0818014705882353,0.0855551171601436,9.186353634155831e-10,0.0196047863247863,0
1118,8,0.2064732142857142,0.2476823774684391,1.446639115869885e-09,0.03620884004884,0
1119,7,0.1516927083333333,0.1270265546188749,1.154482934658358e-09,0.0173042246642246,0
1120,13,0.0901692708333333,0.1144699923281597,1.1380869027632421e-09,0.0208050793650793,0
1121,6,0.08984375,0.0820126467000669,6.576411624259608e-10,0.0126030769230769,0
1122,12,0.0759943181818181,0.0880323767941304,1.158304060961169e-09,0.0082020024420024,0
1123,11,0.165234375,0.1865212900727169,1.0291939677470811e-09,0.0276067399267399,0
1124,4,0.3033854166666667,0.2103660598177945,7.961570514684065e-10,0.0076018559218559,0
1125,9,0.2060546875,0.2104916983301668,9.37223876476681e-10,0.0066016117216117,0
1126,6,0.215625,0.3421964182627793,1.398171171787529e-09,0.0075018315018315,0
1127,12,0.0923295454545454,0.100977235321643,1.3220798506984974e-09,0.0271066178266178,0
1128,7,0.271484375,0.3662148437291669,7.320709402268467e-10,0.0258063003663003,0
1129,16,0.1143229166666666,0.2004301743109194,1.568030341656715e-09,0.0220053724053724,0
1130,5,0.2021484375,0.1905548466903111,7.70953471481459e-10,0.015003663003663,0
1131,5,0.4150390625,0.2133716433618065,9.634403847831047e-10,0.0078019047619047,0
1132,10,0.2057291666666666,0.3225752142992519,7.741960157940012e-10,0.009302271062271,0
1133,8,0.1886160714285714,0.2347440759002889,7.152713758840705e-10,0.007401807081807,0
1134,4,0.5,0.3795835334339026,7.865958567023127e-10,0.0118028815628815,0
1135,6,0.19140625,0.1853555757271008,5.057087252156504e-10,0.016203956043956,0
1136,0,0.0,0.0,4.0240108751011907e-10,0.0080019536019536,0
1137,2,0.0234375,0.0,3.6814245720066455e-10,0.009302271062271,0
1138,9,0.05224609375,0.0317307683415623,1.755600429959404e-09,0.0321078388278388,0
1139,3,0.162109375,0.021484375,4.6231256305804144e-10,0.0080019536019536,0
1140,3,0.01953125,0.0,4.3698897537181644e-10,0.0097023687423687,0
1141,12,0.1157670454545454,0.1387508550621408,9.5856642678987e-10,0.0185045177045177,0
1142,7,0.2838541666666667,0.1684928032922615,7.855646556439251e-10,0.0185045177045177,0
1143,4,0.4270833333333333,0.4255761324226809,6.66435846747202e-10,0.0157038339438339,0
1144,2,0.93359375,0.0,5.587247893623808e-10,0.0108026373626373,0
1145,10,0.1271701388888889,0.1239527406923877,6.372845823624211e-10,0.0152037118437118,0
1146,3,0.171875,0.1171875,5.367706138997348e-10,0.0123030036630036,0
1147,7,0.1888020833333333,0.2593729082914319,6.363616422009851e-10,0.0148036141636141,0
1148,10,0.0894097222222222,0.0520326721202976,1.039406569902506e-09,0.0215052503052503,0
1149,11,0.103125,0.1470764077837179,9.747831188894032e-10,0.032407912087912,0
1150,14,0.0889423076923077,0.1364149599310569,1.4515499926342987e-09,0.0287070085470085,0
1151,1,0.0,0.0,6.609638064079454e-10,0.013103199023199,0
1152,8,0.1177455357142857,0.0705424245225914,7.236312043102907e-10,0.0232056654456654,0
1153,25,0.0823567708333333,0.1614960657145095,2.199111380115272e-09,0.06811663003663,0
1154,25,0.0738932291666666,0.1300792817505707,2.1822161035888715e-09,0.02240547008547,0
1155,1,0.0,0.0,6.860347001158012e-10,0.0056013675213675,0
1156,4,0.3450520833333333,0.3131557789402593,5.469465185811339e-10,0.0228055677655677,0
1157,13,0.1520182291666666,0.1982812033992973,2.998880823422948e-09,0.0360087912087912,0
1158,2,0.7890625,0.0,7.513552144504523e-10,0.0087021245421245,0
1159,28,0.0578703703703703,0.0831706653248633,2.23262651430148e-09,0.0773188766788766,0
1160,43,0.0339471726190476,0.0211303710857545,1.847499013713528e-09,0.0487118925518925,0
1161,0,0.0,0.0,7.12214326339784e-10,0.0072017582417582,0
1162,3,0.400390625,0.271484375,5.386181306568211e-10,0.0054013186813186,0
1163,7,0.3059895833333333,0.2272312627401719,8.18454528117131e-10,0.0158038583638583,0
1164,5,0.2939453125,0.2385272647780133,1.2489571919059094e-09,0.0314076678876678,0
1165,4,0.3502604166666667,0.0786656638905896,6.22152970189829e-10,0.0096023443223443,0
1166,4,0.2239583333333333,0.1406370558103869,9.010373199246823e-10,0.0066016117216117,0
1167,7,0.189453125,0.220921950883477,8.621480018357878e-10,0.0111027106227106,0
1168,11,0.080078125,0.0859064219373506,1.5232345000445386e-09,0.0196047863247863,0
1169,7,0.1966145833333333,0.224653716939476,8.979704768166305e-10,0.0188045909645909,0
1170,4,0.2473958333333333,0.3332977275905341,5.292953428083922e-10,0.0056013675213675,0
1171,6,0.196875,0.1992815464753949,9.622773372100867e-10,0.0126030769230769,0
1172,6,0.31875,0.2563833494496084,8.750569822699515e-10,0.0108026373626373,0
1173,3,0.55078125,0.51953125,7.405804557947988e-10,0.0079019291819291,0
1174,5,0.046875,0.0453023965029031,7.013804883324684e-10,0.0066016117216117,0
1175,6,0.28359375,0.326592402937132,6.752160227105854e-10,0.0066016117216117,0
1176,0,0.0,0.0,5.92323578531511e-10,0.0079019291819291,0
1177,2,0.59375,0.0,3.9555648768246063e-10,0.0168041025641025,0
1178,17,0.1083984375,0.1335750455199044,1.9681279919375153e-09,0.0252061538461538,0
1179,3,0.720703125,0.697265625,1.1186692096504939e-09,0.0117028571428571,0
1180,6,0.29765625,0.2895730288934037,9.967974039001966e-10,0.0070017094017094,0
1181,5,0.392578125,0.3483961140640376,6.563677854099671e-10,0.0073017826617826,0
1182,6,0.36640625,0.2622883261138874,5.620264933923931e-10,0.0069016849816849,0
1183,0,0.0,0.0,4.813704968824589e-10,0.0088021489621489,0
1184,8,0.28125,0.4076266595582154,7.690042861531526e-10,0.0101024664224664,0
1185,8,0.0993303571428571,0.1377568551180496,1.0029109380986667e-09,0.0203049572649572,0
1186,5,0.162109375,0.1516284287985662,3.162120300673414e-09,0.0190046398046398,0
1187,8,0.0792410714285714,0.0689258823957344,6.328686372642415e-10,0.046211282051282,0
1188,14,0.1478365384615384,0.1620023334175446,2.303571614926926e-09,0.028106862026862,0
1189,12,0.0923295454545454,0.0764245468235157,1.0731115013395231e-09,0.0223054456654456,0
1190,10,0.1328125,0.182783933546817,7.204044361553517e-10,0.0129031501831501,0
1191,5,0.07421875,0.0414320379601492,1.0268578798698415e-09,0.0173042246642246,0
1192,3,0.74609375,0.16015625,6.285972108545368e-10,0.0149036385836385,0
1193,3,0.388671875,0.376953125,3.8095368951739136e-10,0.0058014163614163,0
1194,10,0.0776909722222222,0.0749675413623052,7.350534667899593e-10,0.0121029548229548,0
1195,3,0.578125,0.046875,4.6444768516654947e-10,0.0085020757020757,0
1196,1,0.0,0.0,5.716684103717641e-10,0.0058014163614163,0
1197,4,0.4049479166666667,0.4125899194397069,7.238919296282503e-10,0.0045010989010989,0
1198,9,0.14501953125,0.2925155185593107,7.163841890032365e-10,0.0101024664224664,0
1199,8,0.1886160714285714,0.3312307464562419,8.667836693835433e-10,0.0078019047619047,0
1200,1,0.0,0.0,3.5209043755432256e-10,0.0066016117216117,0
1201,12,0.0397727272727272,0.0231287776817241,7.961962233940256e-10,0.0101024664224664,0
1202,5,0.189453125,0.0609237264081336,6.489318009693466e-10,0.0082020024420024,0
1203,8,0.2600446428571428,0.3533860021758092,1.7117501520660859e-09,0.024305934065934,0
1204,0,0.0,0.0,9.116889529206375e-10,0.0097023687423687,0
1205,2,0.03125,0.0,5.001927422500341e-10,0.0042010256410256,0
1206,2,1.609375,0.0,5.150098911674575e-10,0.0159038827838827,0
1207,4,0.29296875,0.1503102802157645,5.475602245061951e-10,0.0110026862026862,0
1208,1,0.0,0.0,3.35160714378892e-10,0.0097023687423687,0
1209,1,0.0,0.0,3.8887620681490866e-10,0.0071017338217338,0
1210,8,0.2176339285714285,0.2776203842772766,1.1694820830137334e-09,0.0140034188034188,0
1211,14,0.145733173076923,0.1825672292922418,1.4572308070376406e-09,0.031207619047619,0
1212,2,0.3125,0.0,6.603689666475837e-10,0.0142034676434676,0
1213,2,0.2734375,0.0,6.121992408622443e-10,0.0082020024420024,0
1214,23,0.0635653409090909,0.0761940146491159,1.3880385248760363e-09,0.0292071306471306,0
1215,26,0.07375,0.0983712574732833,2.1708548177927754e-09,0.035008547008547,0
1216,21,0.0873046875,0.1180067392784696,2.97343092165093e-09,0.0353086202686202,0
1217,1,0.0,0.0,7.652614879778341e-10,0.0096023443223443,0
1218,3,0.142578125,0.107421875,5.531174007722199e-10,0.0071017338217338,0
1219,6,0.1828125,0.2135029182323979,6.125922552891417e-10,0.0066016117216117,0
1220,9,0.1240234375,0.2029723547541231,1.1762860340484541e-09,0.007401807081807,0
1221,5,0.2294921875,0.2435911786015258,6.540120451807723e-10,0.0104025396825396,0
1222,3,0.58203125,0.27734375,6.614861556267806e-10,0.0066016117216117,0
1223,2,0.02734375,0.0,5.699054413569066e-10,0.0102024908424908,0
1224,13,0.1328125,0.1864526957364678,1.135066194870453e-09,0.0110026862026862,0
1225,6,0.35625,0.1887232234732254,8.919604747443574e-10,0.0095023199023199,0
1226,6,0.31484375,0.5194025921521522,1.2286524932129323e-09,0.0109026617826617,0
1227,6,0.26015625,0.3340846432090602,7.594639521379447e-10,0.0089021733821733,0
1228,15,0.0862165178571428,0.1184866996757014,1.2397592709763611e-09,0.0285069597069597,0
1229,8,0.2020089285714285,0.2180684764273645,9.33900799218164e-10,0.0338082539682539,0
1230,10,0.1974826388888889,0.2431872782948562,9.913564121339416e-10,0.0322078632478632,0
1231,2,0.2578125,0.0,4.3605470537848045e-10,0.0122029792429792,0
1232,8,0.1780133928571428,0.2581070518973826,7.64339869193349e-10,0.0171041758241758,0
1233,3,0.455078125,0.251953125,6.813169831542083e-10,0.0115028083028083,0
1234,4,0.30859375,0.1554994996810011,5.149692051034197e-10,0.0138033699633699,0
1235,6,0.3,0.2566308145955976,8.099086982686456e-10,0.0158038583638583,0
1236,2,0.12109375,0.0,6.207592570229933e-10,0.0122029792429792,0
1237,7,0.2864583333333333,0.3625781913994169,7.040997504839652e-10,0.0206050305250305,0
1238,4,0.6315104166666666,0.8599449656617648,2.4072565992208848e-09,0.0169041269841269,0
1239,7,0.2194010416666666,0.2653511979879769,9.036496210088241e-10,0.0064015628815628,0
1240,9,0.1328125,0.118659376399094,9.941953896395286e-10,0.008101978021978,0
1241,4,0.5325520833333334,0.4871949722361903,8.576984946948315e-10,0.0177043223443223,0
1242,22,0.0597098214285714,0.0605050721804901,3.446283864055155e-09,0.0282068864468864,0
1243,3,0.75390625,0.25390625,8.769193102125794e-10,0.0265064713064713,0
1244,6,0.26953125,0.3626801141975873,1.3153454288999732e-09,0.0094022954822954,0
1245,12,0.1370738636363636,0.3094912623810015,1.6995053286491015e-09,0.0245059829059829,0
1246,1,0.0,0.0,4.0821087680634377e-10,0.0060014652014652,0
1247,5,0.380859375,0.3719613624114111,1.235411753869858e-09,0.0118028815628815,0
1248,2,0.265625,0.0,9.101171089395103e-10,0.008101978021978,0
1249,13,0.1302083333333333,0.1078098266073535,1.8183491301065126e-09,0.0118028815628815,0
1250,8,0.1780133928571428,0.2954681859352584,1.8729387212574597e-09,0.014303492063492,0
1251,8,0.1177455357142857,0.0703877502654845,1.1264295982473636e-09,0.0126030769230769,0
1252,12,0.1097301136363636,0.1612520933800467,2.1110714354432874e-09,0.0219053479853479,0
1253,4,0.4583333333333333,0.6067680391566566,1.8233994462073673e-09,0.0104025396825396,0
1254,6,0.30859375,0.2908832018343015,6.810436206040601e-10,0.0057013919413919,0
1255,6,0.11484375,0.0707710740477703,6.892873076252196e-10,0.0061014896214896,0
1256,6,0.14140625,0.1713308146448706,1.0353045621875746e-09,0.0117028571428571,0
1257,0,0.0,0.0,3.9798920321470675e-10,0.0048011721611721,0
1258,7,0.251953125,0.2784031081161343,1.002661617154806e-09,0.0072017582417582,0
1259,9,0.2021484375,0.2478988085386905,1.1564908714691223e-09,0.0237057875457875,0
1260,12,0.1264204545454545,0.1644954441007623,1.7134464756960746e-09,0.0296072283272283,0
1261,0,0.0,0.0,6.737224299853076e-10,0.0076018559218559,0
1262,10,0.1137152777777777,0.1474800587129608,1.3986357286723584e-09,0.0173042246642246,0
1263,18,0.1100643382352941,0.1006145246366175,9.442988163583974e-10,0.023105641025641,0
1264,7,0.1653645833333333,0.2642395188630819,8.859626504214988e-10,0.0275067155067155,0
1265,8,0.1110491071428571,0.16371478275974,9.480601644764304e-10,0.0125030525030525,0
1266,5,0.216796875,0.1596911119026451,7.106116591593354e-10,0.0171041758241758,0
1267,6,0.18828125,0.2421799393981157,1.0392845192810852e-09,0.0095023199023199,0
1268,3,0.369140625,0.326171875,8.68747600090606e-10,0.0139033943833943,0
1269,1,0.0,0.0,7.054590234077414e-10,0.006201514041514,0
1270,3,0.43359375,0.41015625,9.248141191264473e-10,0.0077018803418803,0
1271,1,0.0,0.0,8.056525512626701e-10,0.0130031746031746,0
1272,5,0.2998046875,0.2912891305987583,6.766376263070974e-10,0.0084020512820512,0
1273,3,0.53515625,0.50390625,5.416988589965352e-10,0.007401807081807,0
1274,7,0.2486979166666666,0.370419251783724,9.097564411681284e-10,0.0060014652014652,0
1275,6,0.09375,0.1389659074647447,1.0907770777333504e-09,0.0084020512820512,0
1276,7,0.224609375,0.4329936138618932,9.371458104116067e-10,0.0151036874236874,0
1277,10,0.1501736111111111,0.1899624106817697,8.712961844829975e-10,0.0119029059829059,0
1278,6,0.3296875,0.2405006781110502,7.478815613674244e-10,0.007401807081807,0
1279,7,0.2389322916666666,0.1823486239143202,9.475728960976784e-10,0.0115028083028083,0
1280,4,0.4895833333333333,0.4911771762268485,6.134527587881526e-10,0.0076018559218559,0
1281,1,0.0,0.0,5.899409722455166e-10,0.0094022954822954,0
1282,2,0.01953125,0.0,8.060728574522071e-10,0.0078019047619047,0
1283,20,0.0676398026315789,0.1632973455515674,1.1160260597431496e-09,0.0184044932844932,0
1284,3,0.9453125,0.7265625,8.415248495505477e-10,0.0121029548229548,0
1285,1,0.0,0.0,6.410723044422678e-10,0.0101024664224664,0
1286,6,0.24296875,0.2426080018839547,9.66529988303397e-10,0.0086021001221001,0
1287,2,0.6953125,0.0,8.886423568715233e-10,0.0059014407814407,0
1288,4,0.3971354166666667,0.3285639012371574,8.6396499414471e-10,0.0067016361416361,0
1289,5,0.220703125,0.0603575669545407,1.171847758902761e-09,0.008101978021978,0
1290,4,0.4140625,0.383104692909349,6.767266995761155e-10,0.0064015628815628,0
1291,17,0.10546875,0.1598045394997481,3.663082597951245e-09,0.0305074481074481,0
1292,16,0.0981770833333333,0.1823002230134782,1.3883123835976972e-09,0.042410354090354,0
1293,14,0.0874399038461538,0.1009078669153173,1.382913045196985e-09,0.0171041758241758,0
1294,1,0.0,0.0,6.48111034868418e-10,0.0091022222222222,0
1295,9,0.23828125,0.3221709141129761,6.923986611615387e-10,0.0099024175824175,0
1296,5,0.376953125,0.3040922169606049,1.425134189352653e-09,0.010002442002442,0
1297,5,0.166015625,0.2470143371621815,9.208122326497439e-10,0.0146035653235653,0
1298,8,0.0636160714285714,0.0453968141504748,9.785942518786495e-10,0.0153037362637362,0
1299,5,0.328125,0.4045845519393551,6.447059384788323e-10,0.0122029792429792,0
1300,4,0.2356770833333333,0.2838661121339698,7.434255638138993e-10,0.0086021001221001,0
1301,6,0.27265625,0.2848125068575816,8.331519622628253e-10,0.0072017582417582,0
1302,5,0.1337890625,0.106382578991078,8.405317238321471e-10,0.0063015384615384,0
1303,2,0.4921875,0.0,4.66803095197097e-10,0.006201514041514,0
1304,1,0.0,0.0,6.20145993109878e-10,0.0070017094017094,0
1305,7,0.30859375,0.3913664837583502,6.243898622003588e-10,0.0084020512820512,0
1306,8,0.1735491071428571,0.2890237149931539,1.4854718372117638e-09,0.017404249084249,0
1307,7,0.28125,0.4601699559362325,1.4672105265511859e-09,0.0191046642246642,0
1308,13,0.1376953125,0.1745116549938094,1.209260134547737e-09,0.0105025641025641,0
1309,3,0.435546875,0.412109375,5.937100523696221e-10,0.0109026617826617,0
1310,14,0.0979567307692307,0.0877146547494872,6.707885521072334e-10,0.0197048107448107,0
1311,15,0.1303013392857142,0.1723031848254596,9.562730894461663e-10,0.0251061294261294,0
1312,9,0.146484375,0.2071509824765879,6.791896250816235e-10,0.0255062271062271,0
1313,18,0.0707720588235294,0.0934996115642894,1.1686043393017404e-09,0.0526128449328449,0
1314,22,0.0868675595238095,0.1283662750405229,1.1589674638209435e-09,0.0394096214896214,0
1315,26,0.07296875,0.0809091407845862,1.7187449194832435e-09,0.0417101831501831,0
1316,24,0.0760869565217391,0.0828069686198837,1.2602504369803476e-09,0.0179043711843711,0
1317,12,0.0617897727272727,0.0684494775878575,2.504103100806397e-09,0.0254062026862026,0
1318,1,0.0,0.0,7.554245423994164e-10,0.0109026617826617,0
1319,4,0.3893229166666667,0.434681365531041,6.58168995737677e-10,0.0078019047619047,0
1320,13,0.1533203125,0.213847863472496,1.410286818232388e-09,0.0215052503052503,0
1321,15,0.134765625,0.287610031775787,1.043788733990199e-09,0.0196047863247863,0
1322,24,0.077445652173913,0.1417183313705382,2.055298152024342e-09,0.0734179242979242,0
1323,9,0.12744140625,0.1726714666919404,1.8327537252231043e-09,0.0240058608058608,0
1324,13,0.1350911458333333,0.1494998505533833,1.1931901135426772e-09,0.0159038827838827,0
1325,6,0.18984375,0.218003749430199,7.794852734198544e-10,0.0105025641025641,0
1326,14,0.1159855769230769,0.1818457383013665,1.007908102117408e-09,0.0123030036630036,0
1327,6,0.27265625,0.3865048335119821,9.537978109006038e-10,0.0103025152625152,0
1328,9,0.107421875,0.1313540091981279,8.836781696228241e-10,0.0163039804639804,0
1329,8,0.2366071428571428,0.3491163481842627,7.737860331166762e-10,0.0127031013431013,0
1330,5,0.12109375,0.0861591601566905,1.3733607931653372e-09,0.0080019536019536,0
1331,6,0.2703125,0.1942690879054745,1.1923254141331634e-09,0.0098023931623931,0
1332,8,0.17578125,0.145380888285123,9.275984892299568e-10,0.0172042002442002,0
1333,7,0.0364583333333333,0.0136563652105488,1.2634930977650756e-09,0.0196047863247863,0
1334,0,0.0,0.0,6.512423738671448e-10,0.0060014652014652,0
1335,5,0.33203125,0.5032093048545382,1.042828280467074e-09,0.0098023931623931,0
1336,2,0.0390625,0.0,4.659155585036995e-10,0.0075018315018315,0
1337,5,0.3701171875,0.3263808625950083,7.400719108594564e-10,0.008101978021978,0
1338,3,0.734375,0.61328125,7.765552478593342e-10,0.0085020757020757,0
1339,6,0.31796875,0.2685568891955203,1.5135967900405283e-09,0.0071017338217338,0
1340,8,0.2087053571428571,0.2918905542549558,1.2519655094875447e-09,0.0075018315018315,0
1341,4,0.5208333333333334,0.4178328407019932,5.053869760428826e-10,0.0099024175824175,0
1342,5,0.359375,0.2779208344733712,5.05257847406714e-10,0.0105025641025641,0
1343,3,0.3359375,0.30859375,6.810952690302505e-10,0.011202735042735,0
1344,7,0.146484375,0.1468138655459233,7.587580538187222e-10,0.0120029304029304,0
1345,6,0.240625,0.3105368021165124,8.916503692960307e-10,0.0092022466422466,0
1346,6,0.2265625,0.230263414884725,7.411944045643678e-10,0.013103199023199,0
1347,4,0.2096354166666666,0.2200097037593203,5.688383412413288e-10,0.0089021733821733,0
1348,4,0.2135416666666666,0.1875361654936336,7.468709956862427e-10,0.0095023199023199,0
1349,5,0.3466796875,0.3136985681940734,8.071749009706882e-10,0.0092022466422466,0
1350,2,0.0546875,0.0,6.28345248321496e-10,0.006201514041514,0
1351,3,0.30078125,0.26953125,5.143934411576925e-10,0.0091022222222222,0
1352,3,0.189453125,0.029296875,7.563916016425744e-10,0.0076018559218559,0
1353,0,0.0,0.0,4.049235862093577e-10,0.0086021001221001,0
1354,1,0.0,0.0,3.774764572440855e-10,0.0070017094017094,0
1355,9,0.17919921875,0.2354908131550875,1.1590085592847151e-09,0.02240547008547,0
1356,2,0.6484375,0.0,6.666448578321861e-10,0.0172042002442002,0
1357,2,0.03515625,0.0,5.419861824852667e-10,0.011202735042735,0
1358,4,0.4010416666666667,0.4588509151417145,5.250506042530422e-10,0.0075018315018315,0
1359,6,0.253125,0.2231614334750182,8.656417853890952e-10,0.0140034188034188,0
1360,4,0.0494791666666666,0.0294627825494394,5.846660337102187e-10,0.0103025152625152,0
1361,5,0.4453125,0.2631722697297105,8.956786157578853e-10,0.0202049328449328,0
1362,8,0.2254464285714285,0.3058137543925023,1.1417742677486835e-09,0.0116028327228327,0
1363,30,0.0660021551724138,0.1132758843649108,1.531826574009781e-09,0.0540131868131868,0
1364,33,0.037353515625,0.0509025884708332,2.1553978003854942e-09,0.0664162148962149,0
1365,5,0.1337890625,0.1208533084187674,6.889311537334086e-10,0.0125030525030525,0
1366,12,0.1143465909090909,0.1830685708777114,8.904711006416592e-10,0.025006105006105,0
1367,16,0.06953125,0.1529481866072897,1.356902048568715e-09,0.0202049328449328,0
1368,4,0.2317708333333333,0.1433947906035021,7.362283077541775e-10,0.0080019536019536,0
1369,5,0.41015625,0.2503049897437624,5.525869072357739e-10,0.0099024175824175,0
1370,3,0.802734375,0.427734375,1.1524876403210307e-09,0.0091022222222222,0
1371,5,0.1943359375,0.2322720597777915,9.174484693271895e-10,0.0098023931623931,0
1372,12,0.1704545454545454,0.2273526138008229,1.0617140404471563e-09,0.0148036141636141,0
1373,7,0.2434895833333333,0.2501999796950625,7.77965081359083e-10,0.0146035653235653,0
1374,10,0.10546875,0.1477620781101516,9.073174699147683e-10,0.0118028815628815,0
1375,5,0.291015625,0.4589511291150895,1.092310100370139e-09,0.0097023687423687,0
1376,8,0.0786830357142857,0.05141807812406,8.28016676208068e-10,0.0091022222222222,0
1377,21,0.0734375,0.1451401868130429,1.0262272254946247e-09,0.0160039072039072,0
1378,2,0.80859375,0.0,8.688461664251497e-10,0.0095023199023199,0
1379,7,0.0944010416666666,0.1291509803353082,5.80204582346581e-10,0.0056013675213675,0
1380,11,0.130078125,0.1255365681052362,1.008613963747892e-09,0.0116028327228327,0
1381,3,0.345703125,0.322265625,8.254181607718694e-10,0.0067016361416361,0
1382,0,0.0,0.0,5.331956626270383e-10,0.008101978021978,0
1383,2,1.09765625,0.0,6.969389152768274e-10,0.0116028327228327,0
1384,5,0.4892578125,0.6361575783864987,7.77739164918652e-10,0.0197048107448107,0
1385,16,0.11484375,0.1377439242648291,1.2687927912988007e-09,0.0332081074481074,0
1386,4,0.4674479166666667,0.6251817227134288,7.150436500482286e-10,0.0122029792429792,0
1387,6,0.34921875,0.2438901840480669,5.702158671037448e-10,0.0180043956043956,0
1388,9,0.22021484375,0.2782222106437288,8.207218409155792e-10,0.0126030769230769,0
1389,3,0.21484375,0.0859375,6.95775562546682e-10,0.0117028571428571,0
1390,1,0.0,0.0,4.938750701628449e-10,0.0089021733821733,0
1391,2,0.05078125,0.0,5.420336914899643e-10,0.0058014163614163,0
1392,1,0.0,0.0,4.909596618616763e-10,0.0106025885225885,0
1393,0,0.0,0.0,5.797873981939915e-10,0.006201514041514,0
1394,7,0.310546875,0.207126427611191,8.24298142683273e-10,0.0101024664224664,0
1395,7,0.1744791666666666,0.2075056801954299,4.976418989378295e-09,0.0105025641025641,0
1396,2,0.04296875,0.0,9.461647269854684e-10,0.010002442002442,0
1397,6,0.22421875,0.3142004516676018,8.054571575233204e-10,0.0277067643467643,0
1398,10,0.1119791666666666,0.1539324656888713,1.2387007979556055e-09,0.0264064468864468,0
1399,10,0.1779513888888889,0.3481465561321584,9.381056740031095e-10,0.0101024664224664,0
1400,8,0.1707589285714285,0.1989911853041806,9.845128867621998e-10,0.0090021978021978,0
1401,11,0.047265625,0.0418698253565813,2.5587080703624317e-09,0.023105641025641,0
1402,5,0.1845703125,0.0960959333466391,7.371910761620008e-10,0.0254062026862026,0
1403,7,0.2233072916666666,0.2847672920428266,1.1407946696923344e-09,0.0108026373626373,0
1404,1,0.0,0.0,5.742963495939685e-10,0.007401807081807,0
1405,9,0.2119140625,0.2506381473279678,7.342392353610302e-10,0.0056013675213675,0
1406,3,0.185546875,0.130859375,4.872855770348902e-10,0.0083020268620268,0
1407,3,0.46484375,0.453125,4.3685936978204604e-10,0.0056013675213675,0
1408,0,0.0,0.0,3.5985097523559055e-10,0.0044010744810744,0
1409,2,0.0546875,0.0,5.416458268807741e-10,0.0042010256410256,0
1410,4,0.28125,0.3405837847771455,7.386137856619198e-10,0.0099024175824175,0
1411,4,0.5260416666666666,0.546096295793621,1.1730834775491942e-09,0.0087021245421245,0
1412,4,0.4401041666666667,0.4304010804595684,5.833940613487888e-10,0.0167040781440781,0
1413,1,0.0,0.0,8.088765264145871e-10,0.0070017094017094,0
1414,1,0.0,0.0,7.960334459433015e-10,0.0065015873015873,0
1415,3,0.404296875,0.376953125,8.650948552977512e-10,0.0117028571428571,0
1416,9,0.1748046875,0.2269977466622655,1.876883778625136e-09,0.0338082539682539,0
1417,9,0.1318359375,0.1546148572723704,1.0984840580092983e-09,0.0099024175824175,0
1418,0,0.0,0.0,4.5248340830415005e-10,0.0055013431013431,0
1419,4,0.375,0.3701811695741582,6.207156632308303e-10,0.006201514041514,0
1420,4,0.2135416666666666,0.2854385256228076,7.295275341878478e-10,0.0057013919413919,0
1421,3,0.455078125,0.349609375,7.798249674623298e-10,0.0126030769230769,0
1422,14,0.087139423076923,0.1664658037689025,9.216691913177717e-10,0.0259063247863247,0
1423,9,0.22705078125,0.3431582125239491,1.527974028170056e-09,0.0332081074481074,0
1424,10,0.1449652777777778,0.1650253291299148,1.1713009179126391e-09,0.0186045421245421,0
1425,5,0.2744140625,0.2721702638549176,5.689138064824876e-10,0.0077018803418803,0
1426,4,0.4466145833333333,0.2105110787571853,5.873198868291015e-10,0.0067016361416361,0
1427,26,0.05953125,0.0879264163235372,3.377851806916881e-09,0.0492120146520146,0
1428,25,0.0411783854166666,0.0494360484925442,6.005510606609507e-09,0.041210061050061,0
1429,4,0.09765625,0.0637090094933597,1.190828306859671e-09,0.0310075702075702,0
1430,22,0.0638020833333333,0.1110190358203678,8.17827100021468e-10,0.0280068376068376,0
1431,12,0.1463068181818181,0.167239295724654,7.038857584659438e-10,0.0196047863247863,0
1432,9,0.06640625,0.0939938235587184,6.800406157148372e-10,0.0152037118437118,0
1433,5,0.3232421875,0.2878640565038565,8.899679244917337e-10,0.0161039316239316,0
1434,3,0.3515625,0.265625,7.637681468324782e-10,0.0114027838827838,0
1435,3,0.205078125,0.177734375,2.01549866902574e-09,0.0167040781440781,0
1436,7,0.2447916666666666,0.3370535201007792,8.277152129959478e-10,0.005001221001221,0
1437,6,0.2390625,0.2674044258293512,7.357052375725107e-10,0.0061014896214896,0
1438,15,0.109375,0.0920843475555544,1.3339195238691572e-09,0.0218053235653235,0
1439,6,0.27734375,0.2516061685700492,9.604912362367147e-10,0.0075018315018315,0
1440,9,0.1484375,0.1720081160648749,1.059790222760976e-09,0.0096023443223443,0
1441,3,0.1484375,0.09765625,6.441055732779632e-10,0.0087021245421245,0
1442,3,0.236328125,0.197265625,6.852324449394045e-10,0.0135032967032967,0
1443,3,0.66796875,0.375,7.948757822970849e-10,0.0082020024420024,0
1444,8,0.2779017857142857,0.3001931327866406,8.75783139761219e-10,0.0157038339438339,0
1445,6,0.296875,0.1686306001201294,8.426342966235365e-10,0.0122029792429792,0
1446,8,0.1897321428571428,0.1868578235485499,1.2444904346518354e-09,0.0151036874236874,0
1447,9,0.23583984375,0.311576623472159,8.932450977322771e-10,0.011202735042735,0
1448,10,0.1905381944444444,0.1290544941169221,3.6524769627333723e-09,0.0144035164835164,0
1449,2,0.60546875,0.0,1.1284881626056075e-09,0.0118028815628815,0
1450,3,0.099609375,0.091796875,5.997985863957132e-10,0.0073017826617826,0
1451,8,0.1729910714285714,0.1871475748280768,8.899080647764253e-10,0.0097023687423687,0
1452,9,0.1396484375,0.1436277450153124,1.0186504483107619e-09,0.0109026617826617,0
1453,20,0.0668174342105263,0.0890932860359845,2.5044739243700442e-09,0.0484118192918192,0
1454,5,0.0361328125,0.0358413072334034,1.0036169156189756e-09,0.0265064713064713,0
1455,23,0.0823863636363636,0.0857590241457438,1.2618945257466892e-09,0.0208050793650793,0
1456,1,0.0,0.0,1.044966202566935e-09,0.0201049084249084,0
1457,12,0.1360085227272727,0.1950838020553735,8.022117765306868e-10,0.0091022222222222,0
1458,2,1.27734375,0.0,6.437373278261557e-10,0.0064015628815628,0
1459,16,0.0869791666666666,0.1098989187955484,2.598446233084511e-09,0.0322078632478632,0
1460,4,0.5794270833333334,0.4207200303848319,8.681751748200923e-10,0.0155037851037851,0
1461,0,0.0,0.0,5.375941654329931e-10,0.0088021489621489,0
1462,13,0.1168619791666666,0.2257610776954316,8.422760770975056e-10,0.0085020757020757,0
1463,3,0.322265625,0.291015625,6.545626715169411e-10,0.0072017582417582,0
1464,4,0.0638020833333333,0.0435371184825533,7.583150652533091e-10,0.0095023199023199,0
1465,6,0.33203125,0.4729499345861039,9.82029718390753e-10,0.0182044444444444,0
1466,6,0.04453125,0.0172229747539442,1.0405473217873054e-09,0.0116028327228327,0
1467,9,0.1767578125,0.2152318050833417,1.132588060426888e-09,0.0208050793650793,0
1468,5,0.482421875,0.4991027410689888,7.308787984841096e-10,0.0151036874236874,0
1469,10,0.0416666666666666,0.0368744850481934,7.765654397579764e-10,0.0136033211233211,0
1470,0,0.0,0.0,5.769689570642523e-10,0.0092022466422466,0
1471,17,0.10546875,0.1257530417709585,6.306349657096567e-10,0.0108026373626373,0
1472,6,0.14765625,0.1173800501442856,6.88167007673933e-10,0.0147035897435897,0
1473,5,0.443359375,0.2484464055990308,1.115822774430833e-09,0.0104025396825396,0
1474,14,0.1102764423076923,0.1439914380499541,1.2701325988084799e-09,0.0236057631257631,0
1475,11,0.123828125,0.0955882601500603,1.0709924523926927e-09,0.0135032967032967,0
1476,11,0.148828125,0.1654743012819985,7.066887996432408e-10,0.0129031501831501,0
1477,4,0.4791666666666667,0.4910736127972708,1.5811652734729652e-09,0.016203956043956,0
1478,10,0.0998263888888889,0.0781274112282223,1.2110032089484926e-09,0.0175042735042735,0
1479,7,0.2018229166666666,0.3434588808302685,7.311994790245704e-10,0.0133032478632478,0
1480,3,0.318359375,0.259765625,9.258976651146979e-10,0.0095023199023199,0
1481,14,0.118389423076923,0.1455338520952317,1.1968525208680883e-09,0.0088021489621489,0
1482,5,0.4306640625,0.2806848570062815,8.307183271826701e-10,0.0080019536019535,0
1483,7,0.138671875,0.1003216973165524,1.050686570924666e-09,0.0119029059829059,0
1484,16,0.0598958333333333,0.0718957548536227,1.2996498840263147e-09,0.0228055677655677,0
1485,6,0.225,0.2305759814098706,1.0499720373575683e-09,0.0106025885225885,0
1486,7,0.2415364583333333,0.1432839028933188,1.1330700479567236e-09,0.021205177045177,0
1487,8,0.0736607142857142,0.0721011512559697,8.341118124600265e-10,0.0153037362637362,0
1488,13,0.1419270833333333,0.1803256143832344,1.2636613464967402e-09,0.0180043956043956,0
1489,5,0.2197265625,0.2152229430664118,8.247827415195204e-10,0.0167040781440781,0
1490,11,0.140234375,0.2164813300489574,1.563102160619617e-09,0.0151036874236874,0
1491,2,0.40234375,0.0,1.1003349087827107e-09,0.0166040537240537,0
1492,4,0.6002604166666666,0.4045730278360515,8.114470209722614e-10,0.0108026373626373,0
1493,12,0.15234375,0.197901869712015,8.570065567318313e-10,0.0214052258852258,0
1494,12,0.1629971590909091,0.1912872927908816,9.95401407878514e-10,0.0178043467643467,0
1495,11,0.06953125,0.0655691726823665,1.346791791687911e-09,0.0325079365079365,0
1496,11,0.166796875,0.1935943963114716,1.272640681162888e-09,0.05001221001221,0
1497,6,0.33359375,0.26105442739494,1.202784747473392e-09,0.0159038827838827,0
1498,30,0.0580549568965517,0.0446292608314103,3.589639377419825e-09,0.0478116727716727,0
1499,1,0.0,0.0,1.4778447888853106e-09,0.016203956043956,0
1500,12,0.1374289772727272,0.1084300979027426,2.378889460534378e-09,0.0142034676434676,0
1501,11,0.1453125,0.1913807380957198,1.2787834801628299e-09,0.0178043467643467,0
1502,28,0.0695891203703703,0.1313019913844778,1.8410479658319054e-09,0.0395096459096459,0
1503,17,0.07666015625,0.1068778393463067,4.69223323338622e-09,0.0402098168498168,0
1504,10,0.0959201388888889,0.1078941026836236,1.0455400656865854e-09,0.0136033211233211,0
1505,4,0.3424479166666667,0.2504133410240901,7.289561309607667e-10,0.0144035164835164,0
1506,8,0.2299107142857142,0.247875921575314,1.5570558611552772e-09,0.0098023931623931,0
1507,13,0.130859375,0.1806015868890663,9.706985051307392e-10,0.0117028571428571,0
1508,5,0.40234375,0.2448349501848771,9.55839409920225e-10,0.0096023443223443,0
1509,7,0.1373697916666666,0.0912039435294394,7.250910160250817e-10,0.0111027106227106,0
1510,14,0.1478365384615384,0.1925699646339572,1.096231676945104e-09,0.0273066666666666,0
1511,15,0.1322544642857142,0.2101395349357578,1.183562028217763e-09,0.0240058608058608,0
1512,4,0.1783854166666666,0.1403474305382202,6.68263451419358e-10,0.0106025885225885,0
1513,11,0.10859375,0.1969834770593082,9.560469004608195e-10,0.0136033211233211,0
1514,7,0.3190104166666667,0.3574639708437605,1.2554212957372298e-09,0.0166040537240537,0
1515,10,0.0503472222222222,0.0525514266238378,7.642964477800213e-10,0.0129031501831501,0
1516,15,0.0984933035714285,0.1374357678597136,1.4261298634824847e-09,0.0178043467643467,0
1517,16,0.1252604166666666,0.126500327664815,1.1109813238247302e-09,0.015003663003663,0
1518,9,0.2119140625,0.1728901793021254,1.1023343675830511e-09,0.0335081807081807,0
1519,11,0.118359375,0.1807209581018915,1.191961466505022e-09,0.0189046153846153,0
1520,0,0.0,0.0,9.086807459875795e-10,0.0096023443223443,0
1521,9,0.125,0.1288618531500522,1.6207524218527535e-09,0.0178043467643467,0
1522,13,0.0960286458333333,0.1462842237925474,2.7376316205585892e-09,0.029307155067155,0
1523,7,0.2389322916666666,0.3067290765033743,8.671135652033657e-10,0.0109026617826617,0
1524,8,0.1389508928571428,0.1319208703411589,1.3133630961698726e-09,0.0109026617826617,0
1525,24,0.0640285326086956,0.0899783308724004,2.598330608233595e-09,0.0169041269841269,0
1526,15,0.13671875,0.1932141748291535,1.36981876683256e-09,0.0228055677655677,0
1527,8,0.2818080357142857,0.2572998536422266,1.6248609595807967e-09,0.0187045665445665,0
1528,35,0.0572150735294117,0.080339045154155,2.2907016660693967e-09,0.0380092796092796,0
1529,9,0.20556640625,0.1517533820842192,1.772193010415595e-09,0.0298072771672771,0
1530,17,0.07275390625,0.0687332826576576,3.390864997345365e-09,0.0286069841269841,0
1531,2,0.3203125,0.0,1.545900411412373e-09,0.0063015384615384,0
1532,8,0.2706473214285714,0.1855567347675692,1.170074917123051e-09,0.0066016117216117,0
1533,20,0.088610197368421,0.1367807227469385,2.200236885790915e-09,0.032407912087912,0
1534,16,0.1291666666666666,0.1668809657433421,2.4578837693306556e-09,0.0189046153846153,0
1535,6,0.23125,0.3351680869121865,8.243069345862385e-10,0.0168041025641025,0
1536,4,0.2278645833333333,0.1455074483822811,8.671379131315027e-10,0.0119029059829059,0
1537,19,0.0865885416666666,0.1061277796073378,1.5282116506475482e-09,0.017404249084249,0
1538,4,0.5234375,0.3857640256212878,1.0005864555100474e-09,0.0294071794871794,0
1539,25,0.0740559895833333,0.0807460644172674,2.4062732845370773e-09,0.0229055921855921,0
1540,14,0.110576923076923,0.1321070117836579,1.5437815074734142e-09,0.0151036874236874,0
1541,13,0.1103515625,0.1663876423110641,1.537283286609351e-09,0.0133032478632478,0
1542,14,0.1234975961538461,0.1503196906072041,1.4184817482493762e-09,0.0148036141636141,0
1543,9,0.14111328125,0.1098350658212574,1.0313804715604738e-09,0.0113027594627594,0
1544,12,0.1402698863636363,0.1287442437707659,1.5336327483820615e-09,0.0145035409035409,0
1545,18,0.1027113970588235,0.1357850516582685,1.158645830538001e-09,0.0214052258852258,0
1546,6,0.296875,0.272195841577117,6.734654277007757e-10,0.0118028815628815,0
1547,7,0.1783854166666666,0.2291037733298887,1.0122211725748812e-09,0.0134032722832722,0
1548,13,0.0615234375,0.0645836942929261,2.902940470203805e-09,0.0253061782661782,0
1549,2,0.921875,0.0,9.133116876763856e-10,0.0238058119658119,0
1550,14,0.0582932692307692,0.0653004929366821,3.528468149772236e-09,0.0248060561660561,0
1551,20,0.1017680921052631,0.1573689053794419,1.136359801940445e-09,0.0437106715506715,0
1552,7,0.2395833333333333,0.3347519252431463,1.4579711677296383e-09,0.0246060073260073,0
1553,14,0.1072716346153846,0.1271747361676965,8.581756765822697e-10,0.0185045177045177,0
1554,27,0.0721153846153846,0.1291710874360798,1.9573458629219277e-09,0.0256062515262515,0
1555,6,0.334375,0.1484909443261608,1.1093613255829942e-09,0.0146035653235653,0
1556,6,0.37265625,0.3697681917431514,9.590752698940084e-10,0.0141034432234432,0
1557,12,0.1416903409090909,0.2334623026157316,1.5035742279804204e-09,0.0152037118437118,0
1558,2,0.265625,0.0,1.0027942230680896e-09,0.010502564102564,0
1559,12,0.061434659090909,0.071836600976094,2.3935383444140314e-09,0.0242059096459096,0
1560,14,0.1150841346153846,0.2381537104715997,1.592546634997413e-09,0.0147035897435897,0
1561,10,0.0876736111111111,0.1704696243301179,7.127971805298385e-10,0.0180043956043956,0
1562,9,0.1728515625,0.2383672840327882,8.858868881762653e-10,0.024305934065934,0
1563,4,0.5,0.5027188448617842,6.479159468685568e-10,0.0189046153846153,0
1564,11,0.11875,0.1358925931572431,8.064007377208498e-10,0.0188045909645909,0
1565,14,0.1102764423076923,0.181119877796823,1.440782556584983e-09,0.0306074725274725,0
1566,11,0.162890625,0.1842081640565318,1.0590353851586108e-09,0.013103199023199,0
1567,11,0.14296875,0.1771491911850009,1.054081357196341e-09,0.0137033455433455,0
1568,4,0.4127604166666667,0.3649412305831089,7.02328474090436e-10,0.0107026129426129,0
1569,15,0.1141183035714285,0.1314943994611346,1.431792196079341e-09,0.0257062759462759,0
1570,16,0.1166666666666666,0.2091594947102104,1.7845141167084846e-09,0.0332081074481074,0
1571,16,0.1052083333333333,0.1357702715002952,1.6173392516112292e-09,0.0194047374847374,0
1572,8,0.2254464285714285,0.2143685317083607,7.498506081152601e-10,0.0176042979242979,0
1573,7,0.2194010416666666,0.3313136905243471,1.088064721800127e-09,0.0110026862026862,0
1574,5,0.078125,0.0548963645412312,8.091577554961825e-10,0.0097023687423687,0
1575,1,0.0,0.0,7.058252469023987e-10,0.0086021001221001,0
1576,8,0.0876116071428571,0.0984201626698601,7.569493916005478e-10,0.0067016361416361,0
1577,8,0.2600446428571428,0.3349878678578166,9.816161699174518e-10,0.0089021733821733,0
1578,4,0.25,0.1616577229860722,7.507361391576133e-10,0.0082020024420024,0
1579,9,0.1455078125,0.2505468110529619,9.444552291865135e-10,0.0114027838827838,0
1580,12,0.1747159090909091,0.2152281614469988,1.250395524984868e-09,0.0114027838827838,0
1581,1,0.0,0.0,6.193479402499547e-10,0.0083020268620268,0
1582,6,0.28828125,0.1618413635419728,8.691861836779418e-10,0.0084020512820512,0
1583,5,0.048828125,0.0422976715384916,6.633964910750624e-10,0.0086021001221001,0
1584,6,0.35,0.3471124609501581,5.44651452207828e-10,0.0077018803418803,0
1585,7,0.2109375,0.2092428065270903,9.685744903922561e-10,0.0071017338217338,0
1586,7,0.2252604166666666,0.2353783500344298,1.112372924186111e-09,0.0064015628815628,0
1587,7,0.1165364583333333,0.1903592840832181,9.531890433962321e-10,0.0080019536019536,0
1588,24,0.0463654891304347,0.0888622273596788,1.2600715496792074e-09,0.0235057387057387,0
1589,8,0.1986607142857142,0.1664687038474514,1.3380367131511819e-09,0.0091022222222222,0
1590,17,0.099853515625,0.1469651533980895,1.361694217463448e-09,0.0261063736263736,0
1591,9,0.19580078125,0.1524868806292465,9.652574440635334e-10,0.0106025885225885,0
1592,5,0.3974609375,0.3712106620934472,1.0869019426954979e-09,0.0215052503052503,0
1593,12,0.12890625,0.2056497377355045,1.7897876575775495e-09,0.0291071062271062,0
1594,3,0.283203125,0.005859375,1.3067104978291444e-09,0.0172042002442002,0
1595,11,0.158203125,0.1166033618475068,1.3618960940446747e-09,0.010002442002442,0
1596,8,0.1791294642857142,0.3069926861134779,9.47799760621704e-10,0.0137033455433455,0
1597,11,0.106640625,0.1223354932159535,9.223945428215115e-10,0.0425103785103785,0
1598,7,0.1920572916666666,0.218557121377695,1.2383376301087495e-09,0.016203956043956,0
1599,18,0.099954044117647,0.1017043235554749,1.2629306995850607e-09,0.0228055677655677,0
1600,6,0.3625,0.326805382165747,9.174531777153111e-10,0.0251061294261294,0
1601,19,0.0972222222222222,0.0952114895588765,1.119582985197969e-09,0.0249060805860805,0
1602,15,0.125,0.312629019125433,1.5470068861151734e-09,0.0175042735042735,0
1603,18,0.115579044117647,0.1764924278956723,1.5110484956638804e-09,0.020004884004884,0
1604,19,0.1065538194444444,0.1248493935614083,1.0976456009480274e-09,0.0218053235653235,0
1605,15,0.1364397321428571,0.2970418655727533,1.5659000461555974e-09,0.0385094017094017,0
1606,2,0.53515625,0.0,6.225667929551283e-10,0.0141034432234432,0
1607,2,0.015625,0.0,6.831113070639167e-10,0.0107026129426129,0
1608,11,0.158203125,0.3298977872748287,3.5574066596559723e-09,0.0299073015873015,0
1609,2,1.7109375,0.0,6.730987266701551e-10,0.0115028083028083,0
1610,10,0.1614583333333333,0.2123952969177466,6.790632108297516e-10,0.0141034432234432,0
1611,15,0.0926339285714285,0.1445043152646385,9.203075493497307e-10,0.015003663003663,0
1612,1,0.0,0.0,5.87324797296466e-10,0.0090021978021978,0
1613,5,0.330078125,0.3356364475905021,7.891307014532745e-10,0.0102024908424908,0
1614,15,0.078125,0.1082934407433604,1.0787526307572664e-09,0.0382093284493284,0
1615,4,0.4049479166666667,0.3388370105939784,5.478993985003601e-10,0.0110026862026862,0
1616,14,0.1084735576923077,0.1158188693335978,9.94300941393432e-10,0.0244059584859584,0
1617,5,0.07421875,0.0624389350122882,5.997484055190671e-10,0.0102024908424908,0
1618,3,0.89453125,0.6875,8.479229276290288e-10,0.0087021245421245,0
1619,3,0.025390625,0.001953125,5.02193196887565e-10,0.0106025885225885,0
1620,3,0.01953125,0.0078125,5.183534535540601e-10,0.0097023687423687,0
1621,3,0.25,0.08984375,4.675955923337446e-10,0.0110026862026862,0
1622,3,0.318359375,0.275390625,8.15784757326939e-10,0.0201049084249084,0
1623,5,0.126953125,0.1525564420717071,6.792218092584393e-10,0.011202735042735,0
1624,4,0.5598958333333334,0.3920330525344946,7.364390216625221e-10,0.0139033943833943,0
1625,4,0.6028645833333334,0.456149359857343,7.877964537433972e-10,0.011202735042735,0
1626,8,0.1322544642857142,0.1009258153737922,7.786972039733601e-10,0.0146035653235653,0
1627,4,0.2161458333333333,0.2311482156817292,6.376710551289876e-10,0.0125030525030525,0
1628,6,0.05703125,0.041751216299648,8.963861732233984e-10,0.0137033455433455,0
1629,15,0.1322544642857142,0.2090266518009267,9.799238377892794e-10,0.0263064224664224,0
1630,18,0.0932904411764705,0.1236853718294316,1.683820352461607e-09,0.0403098412698412,0
1631,8,0.2170758928571428,0.1846752570702951,9.277829864139387e-10,0.0156038095238095,0
1632,4,0.2200520833333333,0.0653899975494256,9.290650446843211e-10,0.005001221001221,0
1633,3,0.61328125,0.38671875,7.002631339627677e-10,0.0184044932844932,0
1634,9,0.18603515625,0.2541985809634718,1.0120065026887372e-09,0.0218053235653235,0
1635,9,0.173828125,0.3330350176753893,1.3802678762442955e-09,0.0146035653235653,0
1636,4,0.0494791666666666,0.0506642616102701,5.532177997966116e-10,0.0090021978021978,0
1637,5,0.1025390625,0.0638510587432715,7.69244557208156e-10,0.0083020268620268,0
1638,5,0.0771484375,0.0911661761152702,8.297785503843766e-10,0.0049011965811965,0
1639,8,0.2154017857142857,0.2052858596195989,1.0333744008437803e-09,0.0065015873015873,0
1640,6,0.1609375,0.2357434011205297,1.2583646684279123e-09,0.0129031501831501,0
1641,0,0.0,0.0,9.205743550981643e-10,0.0060014652014652,0
1642,6,0.23515625,0.2539651374020162,6.145602572814682e-10,0.0085020757020757,0
1643,6,0.25078125,0.3004756970725752,7.130230527108387e-10,0.0059014407814407,0
1644,1,0.0,0.0,5.793394362662335e-10,0.009302271062271,0
1645,18,0.1070772058823529,0.1128013321004088,1.3611894916510872e-09,0.0549134065934065,0
1646,3,0.02734375,0.015625,7.955911177751837e-10,0.0122029792429792,0
1647,5,0.357421875,0.3390177191770596,8.560436945638982e-10,0.0089021733821733,0
1648,9,0.158203125,0.126953125,9.857263522327622e-10,0.0241058852258852,0
1649,10,0.1306423611111111,0.1531164865200725,9.789986712620066e-10,0.008101978021978,0
1650,2,0.0234375,0.0,6.853887826429604e-10,0.0115028083028083,0
1651,0,0.0,0.0,4.6025325851905516e-10,0.0071017338217338,0
1652,5,0.46875,0.7510673557355309,7.061072464475051e-10,0.010002442002442,0
1653,16,0.1205729166666666,0.2255764582093262,2.0303407662854207e-09,0.0275067155067155,0
1654,7,0.24609375,0.1850974546241339,6.908068590889675e-10,0.0113027594627594,0
1655,11,0.148046875,0.1876744793654111,9.511467566083523e-10,0.0222054212454212,0
1656,9,0.19482421875,0.3701799887971187,9.77237083607276e-10,0.0106025885225885,0
1657,12,0.1615767045454545,0.2739406527763694,2.723553480091083e-09,0.0226055189255189,0
1658,8,0.0379464285714285,0.0259711524067412,1.0249621605161901e-09,0.0314076678876678,0
1659,9,0.1533203125,0.1644775952325911,7.562204294590398e-10,0.0144035164835164,0
1660,12,0.1669034090909091,0.2672861810906326,1.018015060505903e-09,0.028106862026862,0
1661,3,0.833984375,0.740234375,4.4938903757728156e-10,0.0109026617826617,0
1662,6,0.23203125,0.1841431275020873,7.027823411580277e-10,0.0138033699633699,0
1663,8,0.1763392857142857,0.2402212501081194,9.52416126981145e-10,0.0077018803418803,0
1664,2,0.15625,0.0,6.636786589224776e-10,0.007401807081807,0
1665,16,0.075,0.0896022569644593,1.0508121349295795e-09,0.0280068376068376,0
1666,3,0.02734375,0.0,6.536355156447302e-10,0.0141034432234432,0
1667,4,0.3489583333333333,0.2960572161204889,5.593539272697354e-10,0.010002442002442,0
1668,3,0.83203125,0.6796875,5.839570279130717e-10,0.0059014407814407,0
1669,2,0.5703125,0.0,6.03483468776509e-10,0.0277067643467643,0
1670,8,0.2645089285714285,0.3188440471876134,8.851561038274062e-10,0.0085020757020757,0
1671,4,0.3567708333333333,0.438305310416026,1.0069950026909732e-09,0.0103025152625152,0
1672,9,0.19482421875,0.2705232361070001,5.572030913162436e-10,0.0083020268620268,0
1673,6,0.05546875,0.064820214102161,7.080978708325318e-10,0.0108026373626373,0
1674,0,0.0,0.0,4.2162152332854013e-10,0.0166040537240537,0
1675,0,0.0,0.0,3.9172123563292287e-10,0.0048011721611721,0
1676,1,0.0,0.0,5.939155902540174e-10,0.0048011721611721,0
1677,1,0.0,0.0,5.222021307701252e-10,0.0046011233211233,0
1678,3,0.80078125,0.7109375,8.58803797105079e-10,0.0053012942612942,0
1679,4,0.45703125,0.2422085004335968,1.0250474455273562e-09,0.0069016849816849,0
1680,5,0.3505859375,0.138227583821751,1.2712086719412724e-09,0.0070017094017094,0
1681,13,0.1263020833333333,0.1459524485637478,1.4288881251807646e-09,0.0333081318681318,0
1682,3,0.13671875,0.0703125,7.978320187583578e-10,0.0077018803418803,0
1683,5,0.3037109375,0.3540103043602851,1.0230639154631826e-09,0.0107026129426129,1
1684,19,0.1080729166666666,0.1815274158108692,2.6880516349853e-09,0.0335081807081807,1
1685,20,0.0844983552631579,0.0763281284333648,2.9043992051332366e-09,0.0436106471306471,1
1686,17,0.110595703125,0.1324221540690044,1.6979919449699666e-09,0.0351085714285714,1
1687,19,0.1069878472222222,0.1514404022580412,1.4212267742813758e-08,0.0189046153846153,1
1688,30,0.0598060344827586,0.0940195895289986,2.5044814484732637e-09,0.083120293040293,1
1689,19,0.0842013888888889,0.1157699435091837,1.9555883628585662e-09,0.0448109401709401,1
1690,36,0.05546875,0.0835233139501438,2.8164074834404503e-09,0.0833203418803418,1
1691,45,0.0417258522727272,0.0578358459709391,4.071700803616154e-09,0.0785191697191697,1
1692,21,0.0900390625,0.1158021960957799,1.863801951719763e-09,0.0468114285714285,1
1693,24,0.0799932065217391,0.1001076131892806,1.0556307292668328e-08,0.0388094749694749,1
1694,13,0.125,0.1254974638947354,2.2519361940206716e-09,0.028106862026862,1
1695,15,0.1381138392857142,0.1243759459130077,2.749314816841431e-09,0.0260063492063492,1
1696,17,0.119384765625,0.1119684909196859,3.153252516078752e-09,0.041210061050061,1
1697,23,0.0699573863636363,0.0987713964455851,4.478414036794588e-09,0.0295072039072039,1
1698,33,0.060546875,0.0872699437998003,5.7829441112408145e-09,0.1098268131868132,1
1699,45,0.0398615056818181,0.0376574319633244,4.5013953717307655e-09,0.121929768009768,1
1700,42,0.0438262195121951,0.0436306779015984,6.302589940171499e-09,0.1448353601953601,1
1701,7,0.2825520833333333,0.2246763562566473,2.159517415200794e-09,0.020004884004884,1
1702,21,0.08515625,0.0801742943870961,3.276527982302936e-09,0.0276067399267399,1
1703,27,0.075420673076923,0.0798470754382234,4.958877323084339e-09,0.0323078876678876,1
1704,30,0.0588631465517241,0.0709526284632412,2.801741396618914e-09,0.0253061782661782,1
1705,12,0.1672585227272727,0.118140281367036,2.063148328447092e-09,0.0085020757020757,1
1706,7,0.2454427083333333,0.1551625024091286,5.476117629244059e-09,0.0102024908424908,1
1707,12,0.1590909090909091,0.130112201944753,4.23469482272281e-09,0.0087021245421245,1
1708,15,0.1291852678571428,0.1197493804880509,2.9337247911094636e-09,0.0285069597069597,1
1709,14,0.1373197115384615,0.170392468061685,3.436983010248807e-09,0.0201049084249084,1
1710,7,0.27734375,0.1249185932834526,4.0991172893316334e-09,0.0199048595848595,1
1711,13,0.1412760416666666,0.1115487275822409,5.597229102816613e-09,0.019304713064713,1
1712,10,0.1072048611111111,0.1905683466081756,1.0152217313618412e-09,0.0327079853479853,1
1713,9,0.2099609375,0.1393681627999956,1.6313863790297512e-09,0.0078019047619047,0
1714,32,0.0404485887096774,0.0513312375838466,2.3104309781865302e-09,0.056213724053724,0
1715,29,0.0616629464285714,0.068006560376665,2.140117669869558e-09,0.0318077655677655,0
1716,46,0.0379340277777777,0.0386928887055641,2.176846679904429e-09,0.0366089377289377,0
1717,78,0.024908685064935,0.0171953264104245,6.733947859222584e-09,0.0876213919413919,0
1718,53,0.0379356971153846,0.0448030707065529,3.1196268719176795e-09,0.0509124297924297,0
1719,54,0.0361143867924528,0.0384002354948853,2.999359475189374e-09,0.0573139926739926,0
1720,63,0.0316280241935483,0.02373705657864,5.871576784032427e-09,0.0561136996336996,0
1721,67,0.029888731060606,0.0250997914398973,7.609370778465615e-09,0.0958233943833943,0
1722,65,0.02703857421875,0.0266308494150991,3.988576379454642e-09,0.059314481074481,0
1723,60,0.0335010593220339,0.0346501903517082,6.889921410159505e-09,0.0963235164835164,0
1724,48,0.0416389627659574,0.0757247498052415,7.1198342250210955e-09,0.0995242979242979,0
1725,27,0.0582932692307692,0.0638279436531902,2.345932938017416e-09,0.0495120879120879,0
1726,42,0.0435403963414634,0.0630015187930547,2.366305723438564e-09,0.0402098168498168,0
1727,44,0.0300690406976744,0.022265623146817,3.9605752062769e-09,0.0757184859584859,0
1728,48,0.0413065159574468,0.063401210547843,4.409841573600731e-09,0.0567138461538461,0
1729,50,0.0400988520408163,0.0294838898167598,4.016719777983513e-09,0.056213724053724,0
1730,40,0.0487780448717948,0.0612279901400178,2.3607890142688674e-09,0.0325079365079365,0
1731,61,0.03125,0.0305587612743874,7.441987421166965e-09,0.0846206593406593,0
1732,69,0.0267693014705882,0.0195342909613622,6.6990327567307875e-09,0.0705172161172161,0
1733,34,0.0577651515151515,0.0697960673029784,2.219406995724818e-09,0.049312039072039,0
1734,30,0.0642510775862068,0.0902765892849461,2.069594236993504e-09,0.0651158974358974,0
1735,51,0.031640625,0.0266342092714543,4.032300467305045e-09,0.0725177045177045,0
1736,41,0.044140625,0.0945328641391116,2.5628227298685747e-09,0.0549134065934065,0
1737,24,0.0711616847826086,0.0797051188174743,1.7334194056964771e-09,0.0346084493284493,0
1738,54,0.0336821933962264,0.0272564984190477,4.692404792257413e-09,0.0837204395604395,0
1739,67,0.0299479166666666,0.0215711845250794,8.36237689297585e-09,0.0868211965811965,0
1740,62,0.0315061475409836,0.0301820996402403,5.076159259315166e-09,0.071217387057387,0
1741,18,0.0866268382352941,0.0857203482851762,3.008563560991732e-09,0.0298072771672771,0
1742,36,0.0547991071428571,0.0725072018766383,4.477662977549939e-09,0.0676165079365079,0
1743,27,0.0724158653846153,0.1013208500069265,3.270855491002011e-09,0.0387094505494505,0
1744,74,0.0246682363013698,0.0183091171297257,7.779494128217801e-09,0.0775189255189255,0
1745,79,0.0249899839743589,0.0186535536947911,1.0922176730515788e-08,0.1138277899877899,0
1746,55,0.0354456018518518,0.0364261689394819,7.1701678945397465e-09,0.0920224664224664,0
1747,61,0.0320963541666666,0.0334214000821732,3.869928102185428e-09,0.0733178998778998,0
1748,39,0.0520148026315789,0.0738722502802926,2.421932969954089e-09,0.0444108424908424,0
1749,11,0.149609375,0.232820692494279,1.1541771002450946e-09,0.0218053235653235,0
1750,6,0.34765625,0.464406963906658,1.027191381668545e-09,0.0080019536019536,0
1751,5,0.3955078125,0.6090392141260378,9.567086948397042e-10,0.0105025641025641,0
1752,28,0.0655381944444444,0.0860973716357525,1.3959195227510243e-09,0.0283069108669108,0
1753,19,0.0666232638888889,0.0924155626907864,1.2068933731379358e-09,0.0296072283272283,0
1754,0,0.0,0.0,6.059404169294278e-10,0.0049011965811965,0
1755,26,0.071875,0.1063418720448347,3.773988671426e-09,0.0518126495726495,0
1756,42,0.0471608231707317,0.06994308360937,1.738880441743594e-09,0.0438106959706959,0
1757,8,0.1908482142857142,0.2998589216405545,8.280586615193414e-10,0.0220053724053724,0
1758,4,0.0546875,0.0223260783847425,8.507648163569065e-10,0.0072017582417582,0
1759,4,0.1575520833333333,0.1686587491193797,8.413826142992807e-10,0.0080019536019536,0
1760,15,0.1372767857142857,0.1810643167783959,1.2095919410937724e-09,0.0142034676434676,0
1761,56,0.0325994318181818,0.028985975186108,4.063071645489227e-09,0.0577140903540903,0
1762,3,0.7578125,0.5859375,5.260724939425146e-10,0.0136033211233211,0
1763,1,0.0,0.0,4.6490578832754876e-10,0.0044010744810744,0
1764,5,0.48046875,0.4786790218476586,5.400048391863868e-10,0.0141034432234432,0
1765,8,0.2829241071428571,0.6135241683047775,1.007875064199469e-09,0.0280068376068376,0
1766,14,0.1286057692307692,0.1921588027896524,1.0843058015448126e-09,0.021205177045177,0
1767,9,0.189453125,0.2167528812344544,1.6918738468088855e-09,0.028106862026862,0
1768,25,0.0592447916666666,0.0854379022764446,1.597508864931026e-09,0.037409133089133,0
1769,17,0.102783203125,0.1281324337919444,1.3540864685782267e-09,0.0228055677655677,0
1770,12,0.1598011363636363,0.1694811220258483,4.189995980311914e-09,0.0237057875457875,0
1771,9,0.22216796875,0.2547494824584855,8.709230163342457e-10,0.0330080586080586,0
1772,9,0.20654296875,0.2441674789918616,8.464769394156411e-10,0.023105641025641,0
1773,19,0.0796440972222222,0.1179024694867641,1.4475497786981872e-09,0.0355086691086691,0
1774,29,0.0666852678571428,0.0921962991141854,1.720881422369517e-09,0.0491119902319902,0
1775,13,0.12890625,0.2442994275197106,1.2186436166346879e-09,0.0303073992673992,0
1776,11,0.112890625,0.1646330295652367,1.0613073807213e-09,0.037409133089133,0
1777,15,0.0864955357142857,0.1659572320025677,1.448440910305608e-09,0.0548133821733821,0
1778,25,0.0693359375,0.1363567100075938,1.4043381643899615e-09,0.0695169719169719,0
1779,15,0.1199776785714285,0.1860084635098347,9.891118236413563e-10,0.032407912087912,0
1780,28,0.0687210648148148,0.135463647279353,4.654129949392369e-09,0.0371090598290598,0
1781,20,0.0733963815789473,0.0913074328387044,1.9901844975333987e-09,0.0577140903540903,0
1782,22,0.0639880952380952,0.0606410221189731,1.0081444038003103e-09,0.0286069841269841,0
1783,23,0.0806107954545454,0.1283484047756658,1.9459457330694163e-09,0.0332081074481074,0
1784,21,0.08984375,0.0681189970118927,1.5591065403465243e-09,0.0635155067155067,0
1785,21,0.0916015625,0.0976755840236211,1.8224346581718371e-09,0.0235057387057387,0
1786,24,0.0832201086956521,0.0996597124955178,1.3788913770841996e-09,0.0508124053724053,0
1787,20,0.0822368421052631,0.1528173185374024,1.5357469439328987e-09,0.0410100122100122,0
1788,20,0.0731907894736842,0.0698178197146378,1.2100602611949335e-09,0.0278067887667887,0
1789,7,0.2610677083333333,0.4039360725678894,7.51893511623365e-10,0.019304713064713,0
1790,19,0.0970052083333333,0.2046643477814863,1.666897434756008e-09,0.0270065934065934,0
1791,13,0.1588541666666666,0.2269288823947506,1.4428190139399503e-09,0.0289070573870573,0
1792,16,0.0921875,0.1431543365130795,9.261849577382999e-10,0.0428104517704517,0
1793,20,0.0791529605263157,0.1045459608260148,1.6938684143597719e-09,0.0301073504273504,0
1794,29,0.0640345982142857,0.0606802901291863,2.5137930689684922e-09,0.0501122344322344,0
1795,14,0.1490384615384615,0.1629342944501545,1.5057897432682803e-09,0.0332081074481074,0
1796,18,0.0935202205882353,0.1644857907567971,2.305101071767738e-09,0.0757184859584859,0
1797,8,0.1422991071428571,0.1610704139578433,2.191672404086552e-09,0.0192046886446886,0
1798,27,0.0602463942307692,0.0877096365462093,1.619395702581657e-09,0.0378092307692307,0
1799,14,0.1313100961538461,0.1546229777349426,1.0588756627733274e-09,0.0291071062271062,0
0,31,0.055078125,0.0598591656330629,1.6757822458371903e-09,0.0372090842490842,0
1,37,0.0516493055555555,0.1069378739357399,2.2472020585573692e-09,0.0289070573870573,0
2,12,0.1154119318181818,0.1709797484032064,1.7956727082886075e-09,0.0430105006105006,0
3,24,0.0847486413043478,0.1010742521929994,1.1769593318027954e-09,0.030007326007326,0
4,11,0.195703125,0.186434554247806,1.7130448749396204e-09,0.0282068864468864,0
5,55,0.0286458333333333,0.0268957176819959,3.927123385206317e-09,0.0494120634920634,0
6,24,0.0613111413043478,0.0815196161408348,2.484789140152006e-09,0.0256062515262515,0
7,7,0.251953125,0.3498129935443707,9.004821290435416e-10,0.0197048107448107,0
8,0,0.0,0.0,5.456088349417674e-10,0.0067016361416361,0
9,2,0.0234375,0.0,5.271617517267698e-10,0.0129031501831501,0
10,2,0.9296875,0.0,5.181370389145686e-10,0.0107026129426129,0
11,24,0.0818614130434782,0.0915551951317455,1.0838597666493724e-09,0.0383093528693528,0
12,11,0.130859375,0.10015932741957,7.288739184858688e-10,0.0173042246642246,0
13,7,0.2239583333333333,0.3865455385100362,5.460836180845337e-10,0.014303492063492,0
14,4,0.18359375,0.129594909216341,8.600926171682239e-10,0.0096023443223443,0
15,0,0.0,0.0,4.4256658610052605e-10,0.0066016117216117,0
16,9,0.1591796875,0.2066047161321041,8.844809267943423e-10,0.0073017826617826,0
17,10,0.2083333333333333,0.2541565272909262,9.122053812758939e-10,0.0098023931623931,0
18,35,0.039407169117647,0.0341377125013697,4.874333981757288e-09,0.0806196825396825,0
19,29,0.0686383928571428,0.0927296864143645,1.9047026227486392e-09,0.0505123321123321,0
20,6,0.18359375,0.1385039696520464,8.160743892943985e-10,0.0190046398046398,0
21,6,0.23515625,0.3600825236360757,1.289197642677496e-09,0.0198048351648351,0
22,4,0.5416666666666666,0.4831799493959408,6.75698050423325e-10,0.0118028815628815,0
23,18,0.1063878676470588,0.1594487005409096,1.0175171908287751e-09,0.0285069597069597,0
24,18,0.1158088235294117,0.1611977499857059,8.633970076292077e-10,0.0363088644688644,0
25,47,0.0431385869565217,0.0550138054916627,3.917520808454874e-09,0.0832203174603174,0
26,73,0.0268012152777777,0.0233859527508823,9.462757745959441e-09,0.1428348717948717,0
27,96,0.020641447368421,0.0154665398089457,9.364463944683724e-09,0.1117272771672771,0
28,51,0.037734375,0.0374479619407468,5.263063760322231e-09,0.0770188034188034,0
29,28,0.0716145833333333,0.1570113108079909,4.504592843054381e-09,0.0951232234432234,0
30,86,0.0231617647058823,0.016341436173851,9.488405927651577e-09,0.0944230525030525,0
31,38,0.0534206081081081,0.0668676467267146,2.697576297667872e-09,0.0699170695970695,0
32,47,0.0420346467391304,0.0536475804843511,2.4118217964371807e-09,0.0556135775335775,0
33,14,0.0796274038461538,0.0584139561549176,1.109430482690556e-09,0.0351085714285714,0
34,27,0.0590444711538461,0.0951069102746585,2.168803491016174e-09,0.0458111843711843,0
35,19,0.0785590277777777,0.0881183285797777,1.3595017956982812e-09,0.0288070329670329,0
36,12,0.1328125,0.1265660072465783,1.2921756571081202e-09,0.0239058363858363,0
37,10,0.1935763888888889,0.2915510321785715,1.0427002775345838e-09,0.0120029304029304,0
38,4,0.23828125,0.041462717000236,1.0288342171941643e-09,0.0166040537240537,0
39,2,0.07421875,0.0,9.649438473614295e-10,0.011202735042735,0
40,9,0.224609375,0.2887257857305148,2.3197987382754434e-09,0.0120029304029304,0
41,15,0.0571986607142857,0.0440609748456012,1.4988659097418822e-09,0.0098023931623931,0
42,4,0.1119791666666666,0.0341036480565333,1.0973707143593243e-09,0.0170041514041514,0
43,17,0.077392578125,0.066624451225268,1.3161121792775292e-09,0.0168041025641025,0
44,17,0.100830078125,0.1857791450708491,1.7214467969962474e-09,0.0139033943833943,0
45,1,0.0,0.0,6.224356738093e-10,0.0111027106227106,0
46,1,0.0,0.0,7.433443314524472e-10,0.0136033211233211,0
47,7,0.2044270833333333,0.1685078960295497,1.0630022181661947e-09,0.0199048595848595,0
48,14,0.1385216346153846,0.1350874118185082,1.2687779626424312e-09,0.0161039316239316,0
49,2,0.07421875,0.0,1.2367650133346676e-09,0.0178043467643467,0
50,12,0.1633522727272727,0.1853257742308569,1.330555925937107e-09,0.0163039804639804,0
51,13,0.0709635416666666,0.0752199691267242,1.695230193764992e-09,0.0313076434676434,0
52,11,0.105859375,0.0734634678157492,1.107070243723174e-09,0.0173042246642246,0
53,19,0.0776909722222222,0.1014864239052476,2.765987848130705e-09,0.0235057387057387,0
54,0,0.0,0.0,5.652252435806122e-10,0.0158038583638583,0
55,15,0.0345982142857142,0.0197453192108863,1.7753554958239592e-09,0.0265064713064713,0
56,6,0.32109375,0.2749889024749453,9.480220134295223e-10,0.013103199023199,0
57,9,0.0810546875,0.1097188721050125,5.027653878742763e-09,0.0275067155067155,0
58,5,0.3720703125,0.2257423024095572,6.370393851163082e-10,0.0094022954822954,0
59,4,0.3971354166666667,0.2981799262964906,8.895870924731385e-10,0.0053012942612942,0
60,3,0.328125,0.22265625,6.507700581876404e-10,0.0044010744810744,0
61,2,0.171875,0.0,1.020606272553674e-09,0.0058014163614163,0
62,5,0.4541015625,0.1772158257988665,1.13014284335255e-09,0.0058014163614163,0
63,5,0.16015625,0.0941965277483398,6.650241945342678e-10,0.0038009279609279,0
64,1,0.0,0.0,8.977528485369601e-10,0.0063015384615384,0
65,1,0.0,0.0,4.382199262293127e-10,0.0061014896214896,0
66,1,0.0,0.0,5.418527216661372e-10,0.0044010744810744,0
67,1,0.0,0.0,6.067689511428063e-10,0.0051012454212454,0
68,17,0.108642578125,0.2141377727397918,2.318896451544402e-09,0.0282068864468864,0
69,5,0.193359375,0.24301302098682,2.685103540512194e-09,0.0270065934065934,0
70,32,0.0530493951612903,0.0693806856932476,3.034245580765727e-09,0.0625152625152625,0
71,2,0.02734375,0.0,6.691843946651637e-10,0.0066016117216117,0
72,0,0.0,0.0,5.999216509075141e-10,0.0047011477411477,0
73,1,0.0,0.0,5.113658212230211e-10,0.0041010012210012,0
74,0,0.0,0.0,1.8883790202471518e-10,0.003100757020757,0
75,14,0.1304086538461538,0.1737397372892341,1.0616477194373252e-09,0.009302271062271,0
76,12,0.1732954545454545,0.3815794755929981,1.378891398631554e-09,0.0522127472527472,0
77,39,0.0391652960526315,0.035104663839848,5.029458608859936e-09,0.0961234676434676,0
78,7,0.2727864583333333,0.4273338513542284,5.789461498767817e-10,0.0103025152625152,0
79,2,0.03515625,0.0,6.457318575235812e-10,0.0095023199023199,0
80,16,0.11328125,0.0854984047426714,1.309420055518098e-09,0.0288070329670329,0
81,41,0.0400390625,0.0574082546559004,3.920377810031255e-09,0.0436106471306471,0
82,1,0.0,0.0,8.614936750711133e-10,0.0125030525030525,0
83,10,0.1731770833333333,0.3266542767101872,9.070275863673872e-10,0.0246060073260073,0
84,8,0.2689732142857143,0.3650944129470003,1.061396064973217e-09,0.0148036141636141,0
85,5,0.03515625,0.0183219365618102,1.0666056253410304e-09,0.012403028083028,0
86,7,0.3131510416666667,0.2542307288310912,9.497690286666934e-10,0.0105025641025641,0
87,19,0.0718315972222222,0.092008002710707,1.2752019627706439e-09,0.0139033943833943,0
88,11,0.1375,0.19567778341415,1.6300816139243332e-09,0.0176042979242979,0
89,18,0.1125919117647058,0.2270778688246569,1.78119553527635e-09,0.0329080341880341,0
90,15,0.0954241071428571,0.1165693731901474,1.3781606119532515e-09,0.0305074481074481,0
91,7,0.2369791666666666,0.2042569953242456,7.4683258490636e-10,0.0146035653235653,0
92,11,0.160546875,0.3145171712727154,1.084444058106203e-09,0.019304713064713,0
93,18,0.1013327205882353,0.0968715772291306,2.4025361626337473e-09,0.0333081318681318,0
94,10,0.0950520833333333,0.0944706101417554,1.0241232626076948e-09,0.0145035409035409,0
95,11,0.1375,0.2661059524506874,1.2791506960005128e-09,0.0179043711843711,0
96,47,0.0417798913043478,0.0555114891823141,2.0762414537368748e-09,0.0471115018315018,0
97,2,0.53515625,0.0,5.099625812137258e-10,0.0060014652014652,0
98,0,0.0,0.0,5.073276047420392e-10,0.0044010744810744,0
99,3,0.0625,0.04296875,4.569595246807357e-10,0.0119029059829059,0
100,4,0.5026041666666666,0.3382059633633237,8.451021279375215e-10,0.0156038095238095,0
101,6,0.3296875,0.3007619717847903,6.951960161667121e-10,0.0120029304029304,0
102,12,0.1168323863636363,0.2411914459796729,1.215995390287114e-09,0.0701171184371184,0
103,50,0.0387436224489795,0.0335642291266328,3.6730257288922574e-09,0.0672164102564102,0
104,5,0.4326171875,0.4179539187643169,1.477056418358215e-09,0.008101978021978,0
105,3,0.193359375,0.017578125,1.236806692324091e-09,0.0091022222222222,0
106,6,0.1890625,0.3219148185322089,4.3498112591519183e-10,0.016203956043956,0
107,4,0.0104166666666666,0.0018414239093399,3.408902514271104e-10,0.0175042735042735,0
108,0,0.0,0.0,1.5235820711009584e-10,0.0034008302808302,0
109,1,0.0,0.0,4.475425574226513e-10,0.0045010989010989,0
110,2,0.62890625,0.0,4.4780380453600455e-10,0.00430105006105,0
111,1,0.0,0.0,4.118254950114497e-10,0.0040009768009768,0
112,1,0.0,0.0,3.3477456889916815e-10,0.0036008791208791,0
113,5,0.119140625,0.037109375,1.2379562442649095e-09,0.0071017338217338,0
114,3,0.384765625,0.169921875,1.0100420175740683e-09,0.0058014163614163,0
115,3,0.44140625,0.234375,8.484255942131401e-10,0.006201514041514,0
116,5,0.4248046875,0.2049641610428801,8.232546357560664e-10,0.0055013431013431,0
117,2,1.12890625,0.0,7.162324932986562e-10,0.0049011965811965,0
118,1,0.0,0.0,5.424834156418976e-10,0.00430105006105,0
119,1,0.0,0.0,5.632982066032089e-10,0.0046011233211233,0
120,3,0.876953125,0.173828125,5.236245007536216e-10,0.0047011477411477,0
121,3,0.318359375,0.208984375,6.039067514127608e-10,0.0049011965811965,0
122,0,0.0,0.0,2.908915949337767e-10,0.00430105006105,0
123,0,0.0,0.0,5.299398719327748e-10,0.0042010256410256,0
124,2,0.0390625,0.0,5.684942497914682e-10,0.00430105006105,0
125,2,0.93359375,0.0,6.726639680294097e-10,0.0045010989010989,0
126,0,0.0,0.0,4.6414936728581406e-10,0.0075018315018315,0
127,7,0.2649739583333333,0.1655810283774996,1.0631576200157355e-09,0.0135032967032967,0
128,24,0.0721807065217391,0.1051750235424279,3.305237963275108e-09,0.0778189987789987,0
129,42,0.040015243902439,0.0800579311976891,3.913801106131692e-09,0.0747182417582417,0
130,5,0.1728515625,0.047951108192152,1.0178142345037948e-09,0.0058014163614163,0
131,3,0.6640625,0.453125,7.829324913931711e-10,0.008101978021978,0
132,0,0.0,0.0,4.941944462148215e-10,0.0047011477411477,0
133,1,0.0,0.0,4.990176403881189e-10,0.0079019291819291,0
134,3,0.373046875,0.361328125,4.59255983479026e-10,0.0059014407814407,0
135,4,0.0455729166666666,0.0175660645354583,5.900367805186941e-10,0.0063015384615384,0
136,1,0.0,0.0,4.88769988840101e-10,0.0068016605616605,0
137,2,0.39453125,0.0,5.402557598757231e-10,0.0065015873015873,0
138,4,0.33203125,0.1439494200991271,4.827664375798533e-10,0.0128031257631257,0
139,0,0.0,0.0,3.08492592741677e-10,0.0057013919413919,0
140,2,0.01171875,0.0,4.773460753671948e-10,0.0054013186813186,0
141,8,0.2589285714285714,0.5647459281561412,8.093041872403133e-10,0.0082020024420024,0
142,2,1.3125,0.0,5.935511843078233e-10,0.0104025396825396,0
143,18,0.1022518382352941,0.1385236384976655,2.1741433697835368e-09,0.0368089865689865,0
144,67,0.0291785037878787,0.0245948063028517,7.794360302607784e-09,0.0759185347985347,0
145,17,0.0537109375,0.0479312155930001,2.3391416218854404e-09,0.0556135775335775,0
146,0,0.0,0.0,3.683709785415371e-10,0.0039009523809523,0
147,2,1.015625,0.0,5.622505422013205e-10,0.0045010989010989,0
148,2,0.09765625,0.0,5.97207416277929e-10,0.0046011233211233,0
149,2,1.2890625,0.0,4.5273561484642067e-10,0.006201514041514,0
150,2,1.33203125,0.0,7.168499822403211e-10,0.0046011233211233,0
151,2,0.44140625,0.0,5.93368688698359e-10,0.0052012698412698,0
152,3,0.23046875,0.11328125,4.698354345847476e-10,0.0052012698412698,0
153,0,0.0,0.0,3.8864945002765505e-10,0.0076018559218559,0
154,4,0.2799479166666667,0.0694634305643184,1.307664345049876e-09,0.0063015384615384,0
155,4,0.2877604166666667,0.3519432737322127,9.782821302967823e-10,0.0065015873015873,0
156,5,0.458984375,0.2951287560811647,7.895321042070124e-10,0.0048011721611721,0
157,6,0.17109375,0.2589746533808859,7.095608173962111e-10,0.0056013675213675,0
158,0,0.0,0.0,6.573597836776065e-10,0.0056013675213675,0
159,7,0.3190104166666667,0.3683124021909103,7.862677190301387e-10,0.0045010989010989,0
160,2,1.6171875,0.0,4.997618929982138e-10,0.0049011965811965,0
161,3,0.833984375,0.705078125,8.182684474937795e-10,0.0046011233211233,0
162,1,0.0,0.0,7.730733986285724e-10,0.0035008547008547,0
163,0,0.0,0.0,2.2683958733065874e-10,0.0030007326007326,0
164,2,0.3671875,0.0,4.571648377738121e-10,0.0046011233211233,0
165,1,0.0,0.0,5.144966681267618e-10,0.0030007326007326,0
166,0,0.0,0.0,3.4470125862639596e-10,0.003100757020757,0
167,2,0.48828125,0.0,4.842960079810468e-10,0.0045010989010989,0
168,0,0.0,0.0,3.1147917952519596e-10,0.003100757020757,0
169,0,0.0,0.0,3.415057277293998e-10,0.0029007081807081,0
170,2,0.12890625,0.0,6.384151359426084e-10,0.0034008302808302,0
171,1,0.0,0.0,5.346147044178178e-10,0.0037009035409035,0
172,2,0.46875,0.0,5.885541105550262e-10,0.0042010256410256,0
173,6,0.3015625,0.2440628000958462,8.657702874049029e-10,0.0072017582417582,0
174,1,0.0,0.0,6.082421216349786e-10,0.003100757020757,0
175,4,0.1653645833333333,0.1790731496493743,7.040189700345948e-10,0.0048011721611721,0
176,6,0.08203125,0.0530445162398998,5.582161157252731e-10,0.0044010744810744,0
177,2,0.28515625,0.0,6.523006611147636e-10,0.0054013186813186,0
178,2,0.125,0.0,5.284625078595431e-10,0.00430105006105,0
179,0,0.0,0.0,3.252587709146775e-10,0.0040009768009768,0
180,1,0.0,0.0,5.307863917811262e-10,0.0044010744810744,0
181,1,0.0,0.0,6.630340802974158e-10,0.00430105006105,0
182,5,0.4033203125,0.2637857826872957,9.035445881385097e-10,0.0058014163614163,0
183,4,0.4010416666666667,0.3552803033761003,1.08216996953833e-09,0.0090021978021978,0
184,2,0.41796875,0.0,6.88726060190403e-10,0.0047011477411477,0
185,6,0.33671875,0.3010337819757527,7.207697808673654e-10,0.0039009523809523,0
186,3,0.361328125,0.212890625,5.941089835835713e-10,0.0042010256410256,0
187,1,0.0,0.0,3.3590880125335245e-10,0.0176042979242979,0
188,0,0.0,0.0,4.705802992561805e-10,0.0072017582417582,0
189,0,0.0,0.0,4.1265746515431714e-10,0.0085020757020757,0
190,1,0.0,0.0,4.135435296392828e-10,0.0068016605616605,0
191,3,0.6640625,0.0703125,5.088768950490562e-10,0.0052012698412698,0
192,1,0.0,0.0,4.4568737737808236e-10,0.0176042979242979,0
193,5,0.4091796875,0.3109749776212597,7.670758940218646e-10,0.009302271062271,0
194,3,0.392578125,0.298828125,6.433310955532222e-10,0.0099024175824175,0
195,4,0.3893229166666667,0.2815452250681594,5.703318693245431e-10,0.0167040781440781,0
196,0,0.0,0.0,2.793301726509144e-10,0.00430105006105,0
197,0,0.0,0.0,5.687442783038591e-10,0.0051012454212454,0
198,1,0.0,0.0,4.732042784240585e-10,0.0055013431013431,0
199,0,0.0,0.0,4.1053041806246925e-10,0.0036008791208791,0
200,5,0.154296875,0.1573326747902056,7.965163489445196e-10,0.0136033211233211,0
201,6,0.1609375,0.1642929928511864,1.2031268938377454e-09,0.0218053235653235,0
202,2,0.015625,0.0,4.714803200208418e-10,0.0080019536019536,0
203,10,0.0963541666666666,0.1258246452919587,1.6833803502430446e-09,0.0295072039072039,0
204,26,0.045625,0.0384755908824023,5.638785321238674e-09,0.0926226129426129,0
205,35,0.0544577205882352,0.0650953353295065,3.833546826268037e-09,0.0569138949938949,0
206,31,0.0576822916666666,0.0840566146031967,1.716866182939042e-09,0.0404098656898656,0
207,15,0.0574776785714285,0.0738422748898326,1.4608084738593551e-09,0.0226055189255189,0
208,5,0.1728515625,0.0809722849207861,9.774334580424323e-10,0.0068016605616605,0
209,11,0.163671875,0.2067247879173011,1.8196077425258398e-09,0.0071017338217338,0
210,6,0.1828125,0.1388428743220191,1.1245105599973386e-09,0.0058014163614163,0
211,3,0.51171875,0.23046875,4.6373112440105336e-10,0.0038009279609279,0
212,1,0.0,0.0,5.070716361481585e-10,0.00430105006105,0
213,0,0.0,0.0,4.962445546923568e-10,0.0048011721611721,0
214,5,0.26953125,0.3195374579164683,8.568123504264185e-10,0.0061014896214896,0
215,2,0.28515625,0.0,6.472102436402457e-10,0.0055013431013431,0
216,1,0.0,0.0,5.424792319609742e-10,0.0041010012210012,0
217,5,0.4775390625,0.7116152708030771,7.524183393703195e-10,0.0071017338217338,0
218,4,0.4440104166666667,0.3969453951129662,6.827892125511172e-10,0.0069016849816849,0
219,1,0.0,0.0,5.719015970060497e-10,0.0048011721611721,0
220,1,0.0,0.0,5.165523562043706e-10,0.0053012942612942,0
221,1,0.0,0.0,4.833903487978578e-10,0.0049011965811965,0
222,6,0.1828125,0.1748569448774483,1.2196197653672467e-09,0.0055013431013431,0
223,0,0.0,0.0,4.2089225661226574e-10,0.0041010012210012,0
224,7,0.236328125,0.228893695439278,9.002048419630834e-10,0.0060014652014652,0
225,7,0.1653645833333333,0.1295294803692279,8.741528972083574e-10,0.0047011477411477,0
226,1,0.0,0.0,4.746171134120424e-10,0.0051012454212454,0
227,1,0.0,0.0,4.3497875395912246e-10,0.0054013186813186,0
228,2,0.25390625,0.0,6.875791632330665e-10,0.0058014163614163,0
229,1,0.0,0.0,9.327299928504711e-10,0.0059014407814407,0
230,1,0.0,0.0,5.029298106693368e-10,0.0051012454212454,0
231,2,1.375,0.0,3.5803240647562984e-10,0.0048011721611721,0
232,6,0.2953125,0.4068550182305424,7.726819891883994e-10,0.0061014896214896,0
233,3,0.01171875,0.00390625,5.73030294601952e-10,0.0082020024420024,0
234,3,0.375,0.03515625,5.775409478935118e-10,0.005001221001221,0
235,2,0.03125,0.0,6.341125922413123e-10,0.0046011233211233,0
236,1,0.0,0.0,5.356623385369377e-10,0.0049011965811965,0
237,2,0.1796875,0.0,6.609431157064511e-10,0.0047011477411477,0
238,1,0.0,0.0,4.758917110565462e-10,0.0046011233211233,0
239,4,0.078125,0.0939126193763383,6.111076984760592e-10,0.0058014163614163,0
240,4,0.0794270833333333,0.0931148915561517,8.825059521945966e-10,0.0049011965811965,0
241,5,0.3359375,0.3965084275339791,6.442201929739131e-10,0.0056013675213675,0
242,1,0.0,0.0,4.699712149474626e-10,0.0068016605616605,0
243,6,0.203125,0.1591143702262621,1.1546752657615751e-09,0.0064015628815628,0
244,2,0.55078125,0.0,4.0263685575040876e-10,0.0038009279609279,0
245,3,0.662109375,0.119140625,5.362297450209537e-10,0.005001221001221,0
246,1,0.0,0.0,4.6015214202599727e-10,0.0048011721611721,0
247,3,0.015625,0.0078125,4.83605253375457e-10,0.0056013675213675,0
248,2,0.3515625,0.0,6.571318248973924e-10,0.0056013675213675,0
249,1,0.0,0.0,5.204106645055018e-10,0.0042010256410256,0
250,21,0.08671875,0.2032474090298416,1.1942496930492007e-09,0.0341083272283272,0
251,51,0.035390625,0.0332413383043707,3.537293256628478e-09,0.0480117216117216,0
252,8,0.2025669642857142,0.2100824743902222,1.081061054160871e-09,0.0275067155067155,0
253,9,0.197265625,0.2566334901976272,8.388365363883334e-10,0.0060014652014652,0
254,2,1.11328125,0.0,7.258450470575583e-10,0.0057013919413919,0
255,5,0.4326171875,0.5518494116444487,8.748225191005066e-10,0.0057013919413919,0
256,2,1.546875,0.0,5.885260174637463e-10,0.0063015384615384,0
257,4,0.5546875,0.1818819801066065,7.028282707998824e-10,0.0048011721611721,0
258,2,0.44921875,0.0,6.483534926887147e-10,0.0064015628815628,0
259,2,0.23046875,0.0,6.776457350075139e-10,0.0047011477411477,0
260,6,0.25390625,0.4555833099925303,5.20104215119096e-10,0.0054013186813186,0
261,2,0.2734375,0.0,8.665114552491496e-10,0.0065015873015873,0
262,0,0.0,0.0,3.2578069675711617e-10,0.0054013186813186,0
263,2,0.66796875,0.0,5.577423668555191e-10,0.0052012698412698,0
264,2,0.1171875,0.0,5.456134425814485e-10,0.005001221001221,0
265,3,0.1015625,0.00390625,3.7023766137920205e-10,0.005001221001221,0
266,0,0.0,0.0,4.798614465510068e-10,0.0054013186813186,0
267,4,0.0481770833333333,0.0325781145916583,4.931135720985193e-10,0.0047011477411477,0
268,2,0.4921875,0.0,6.279792560241277e-10,0.005001221001221,0
269,1,0.0,0.0,4.489446402807781e-10,0.0054013186813186,0
270,0,0.0,0.0,3.9080876457393167e-10,0.0058014163614163,0
271,2,0.0078125,0.0,6.307057184861672e-10,0.0051012454212454,0
272,3,0.517578125,0.158203125,7.108555146458648e-10,0.0056013675213675,0
273,1,0.0,0.0,4.6151158907569157e-10,0.0049011965811965,0
274,3,0.119140625,0.001953125,6.29849072545959e-10,0.005001221001221,0
275,1,0.0,0.0,6.746990265534221e-10,0.0055013431013431,0
276,1,0.0,0.0,4.800396251188946e-10,0.0051012454212454,0
277,1,0.0,0.0,5.17012984482364e-10,0.0059014407814407,0
278,0,0.0,0.0,5.49568808319953e-10,0.0048011721611721,0
279,4,0.2981770833333333,0.2329892482505303,5.770524583038891e-10,0.005001221001221,0
280,1,0.0,0.0,6.51034832078788e-10,0.0059014407814407,0
281,8,0.2488839285714285,0.3739971843389932,7.648702363574731e-10,0.0053012942612942,0
282,0,0.0,0.0,5.035461191653956e-10,0.0052012698412698,0
283,6,0.28203125,0.2405108292455352,1.2356409775380124e-09,0.0068016605616605,0
284,5,0.1826171875,0.1043551964161007,1.0731321495286692e-09,0.0059014407814407,0
285,4,0.4322916666666667,0.4304719795956687,7.065842542090252e-10,0.0057013919413919,0
286,0,0.0,0.0,5.979422532765022e-10,0.0061014896214896,0
287,6,0.3140625,0.20625,1.083874136405329e-09,0.0060014652014652,0
288,4,0.203125,0.0165728151840597,8.40339887735721e-10,0.0061014896214896,0
289,3,0.826171875,0.005859375,8.104756755526559e-10,0.0069016849816849,0
290,1,0.0,0.0,5.744151582120904e-10,0.0059014407814407,0
291,2,0.01171875,0.0,4.908773480559765e-10,0.0064015628815628,0
292,7,0.14453125,0.1371829915736033,8.557620555002078e-10,0.0070017094017094,0
293,1,0.0,0.0,7.274825528159432e-10,0.0054013186813186,0
294,4,0.3450520833333333,0.4437946231476022,5.875629322515771e-10,0.006201514041514,0
295,3,0.583984375,0.486328125,6.807432062239753e-10,0.0058014163614163,0
296,6,0.28515625,0.2955253036173468,9.786808937907839e-10,0.0067016361416361,0
297,4,0.4596354166666667,0.1075618563961634,7.404235799897428e-10,0.0051012454212454,0
298,6,0.27734375,0.0860794282552457,1.0430168029298063e-09,0.0061014896214896,0
299,5,0.3115234375,0.0299249090743057,7.94842965093938e-10,0.0063015384615384,0
300,7,0.3092447916666667,0.2303408970343112,1.4259747301013323e-09,0.0072017582417582,0
301,4,0.2486979166666666,0.2665679749014415,5.510588719379928e-10,0.0054013186813186,0
302,2,1.19921875,0.0,5.943904007677471e-10,0.0060014652014652,0
303,1,0.0,0.0,8.395927815570671e-10,0.005001221001221,0
304,4,0.5260416666666666,0.2870554855415829,1.0584972277523212e-09,0.0059014407814407,0
305,3,0.59765625,0.05078125,7.024775963420651e-10,0.0066016117216117,0
306,4,0.51171875,0.2738278463800294,9.444022885014184e-10,0.0052012698412698,0
307,2,0.88671875,0.0,6.518687146949508e-10,0.005001221001221,0
308,4,0.3125,0.2571210740969936,7.060761489561856e-10,0.0048011721611721,0
309,3,0.689453125,0.076171875,9.447412010155255e-10,0.0072017582417582,0
310,1,0.0,0.0,4.523996199605746e-10,0.0048011721611721,0
311,2,0.10546875,0.0,7.300572683256404e-10,0.0065015873015873,0
312,4,0.48046875,0.3811480609960408,8.477287405415265e-10,0.0073017826617826,0
313,2,0.359375,0.0,5.11984363655609e-10,0.0051012454212454,0
314,5,0.3076171875,0.3870872514332756,8.629102592987664e-10,0.0047011477411477,0
315,5,0.33203125,0.1920230813457883,8.715740958543726e-10,0.0088021489621489,0
316,43,0.0425037202380952,0.0860988507483411,2.8223632187917903e-09,0.0673164346764346,0
317,50,0.0393813775510204,0.0310082800539367,4.258540732443262e-09,0.0967236141636141,0
318,13,0.1370442708333333,0.2500989506188305,7.067003787256192e-10,0.0218053235653235,0
319,0,0.0,0.0,5.12561743652918e-10,0.0057013919413919,0
320,3,0.34765625,0.23828125,5.333440301389018e-10,0.0049011965811965,0
321,6,0.24765625,0.3369407258471065,1.0054121526706231e-09,0.0063015384615384,0
322,2,0.21875,0.0,7.330633205232562e-10,0.0058014163614163,0
323,5,0.322265625,0.3179397157352269,1.0873910542465943e-09,0.0069016849816849,0
324,3,0.796875,0.31640625,6.501653526507578e-10,0.0063015384615384,0
325,7,0.2356770833333333,0.1706971160428529,1.1624691342883304e-09,0.0068016605616605,0
326,1,0.0,0.0,5.418375540757063e-10,0.0061014896214896,0
327,4,0.4713541666666667,0.1402749307845034,7.013788157918767e-10,0.0053012942612942,0
328,2,0.0078125,0.0,4.867014567921733e-10,0.0041010012210012,0
329,4,0.3841145833333333,0.1602462061054194,1.067194888995484e-09,0.0085020757020757,0
330,8,0.1205357142857142,0.1009042147526402,1.0326417657518846e-09,0.0065015873015873,0
331,4,0.6067708333333334,0.4813870937937374,7.58802175229888e-10,0.006201514041514,0
332,0,0.0,0.0,5.144203928215489e-10,0.0057013919413919,0
333,0,0.0,0.0,3.2183674063395903e-10,0.0049011965811965,0
334,3,0.37109375,0.29296875,6.579562220187219e-10,0.0057013919413919,0
335,1,0.0,0.0,5.887688759483631e-10,0.0054013186813186,0
336,19,0.0863715277777777,0.1842569327975222,1.1346039959650306e-09,0.0328080097680097,0
337,32,0.0619959677419354,0.0669836873713433,3.7225165684014126e-09,0.0433105738705738,0
338,22,0.0803571428571428,0.2151785521327298,1.6160414439718466e-09,0.0378092307692307,0
339,22,0.0492931547619047,0.0512083713011101,1.006268350775276e-09,0.0422103052503052,0
340,8,0.1512276785714285,0.230858235185297,8.82750794782903e-10,0.0078019047619047,0
341,2,1.2578125,0.0,9.47474302974532e-10,0.0058014163614163,0
342,3,0.408203125,0.396484375,3.9173569216065776e-10,0.0171041758241758,0
343,2,0.0546875,0.0,6.617446307021054e-10,0.008101978021978,0
344,5,0.3291015625,0.4148207146235126,6.585469340048092e-10,0.0055013431013431,0
345,3,0.72265625,0.015625,8.601417544540827e-10,0.0063015384615384,0
346,6,0.1625,0.1593558505652522,1.057721190465009e-09,0.0055013431013431,0
347,11,0.09765625,0.188344452566302,7.879717007063617e-10,0.0542132356532356,0
348,3,0.27734375,0.265625,7.277634091865432e-10,0.0070017094017094,0
349,1,0.0,0.0,4.71185526006096e-10,0.0314076678876678,0
350,1,0.0,0.0,3.922079822162812e-10,0.0044010744810744,0
351,0,0.0,0.0,2.745010494609853e-10,0.0045010989010989,0
352,1,0.0,0.0,3.4077519728990646e-10,0.0056013675213675,0
353,0,0.0,0.0,2.7025682338325417e-10,0.0047011477411477,0
354,0,0.0,0.0,2.5791962179897156e-10,0.0040009768009768,0
355,0,0.0,0.0,2.766854917166845e-10,0.0041010012210012,0
356,1,0.0,0.0,5.187614492158906e-10,0.0055013431013431,0
357,1,0.0,0.0,5.08628387663415e-10,0.0082020024420024,0
358,2,0.078125,0.0,3.819967148321085e-10,0.0144035164835164,0
359,0,0.0,0.0,2.1869666505655515e-10,0.0047011477411477,0
360,2,0.21875,0.0,8.634164305309565e-10,0.0057013919413919,0
361,0,0.0,0.0,1.9205731379638202e-10,0.0033008058608058,0
362,1,0.0,0.0,2.6183534215242086e-10,0.0035008547008547,0
363,4,0.2578125,0.2599540161159117,7.376422358336276e-10,0.0048011721611721,0
364,1,0.0,0.0,4.1540093080844e-10,0.0037009035409035,0
365,0,0.0,0.0,2.112251554344617e-10,0.0047011477411477,0
366,7,0.2350260416666666,0.3477982553689955,2.449605746309043e-09,0.0170041514041514,0
367,16,0.08984375,0.1141534312203317,1.7782456581964363e-09,0.010002442002442,0
368,1,0.0,0.0,6.093364471240501e-10,0.0075018315018315,0
369,5,0.3779296875,0.6185357541702918,2.902124005420709e-09,0.0060014652014652,0
370,1,0.0,0.0,2.7797184781073286e-10,0.003100757020757,0
371,1,0.0,0.0,4.98487957498088e-10,0.0049011965811965,0
372,1,0.0,0.0,3.5997942775071887e-10,0.0045010989010988,0
373,0,0.0,0.0,4.3214939297957837e-10,0.0052012698412698,0
374,3,0.330078125,0.208984375,4.868353910707391e-10,0.0039009523809523,0
375,2,0.4921875,0.0,6.178305726396959e-10,0.005001221001221,0
376,0,0.0,0.0,2.4697002499772637e-10,0.003100757020757,0
377,0,0.0,0.0,2.9483091721101107e-10,0.0040009768009768,0
378,0,0.0,0.0,3.814291318927307e-10,0.0038009279609279,0
379,2,0.12890625,0.0,3.804317776516151e-10,0.0041010012210012,0
380,1,0.0,0.0,6.180486411842294e-10,0.0058014163614163,0
381,2,0.125,0.0,4.1658417582324397e-10,0.0045010989010988,0
382,2,0.01953125,0.0,3.9980078539058614e-10,0.00430105006105,0
383,2,1.3828125,0.0,6.319813469095176e-10,0.0044010744810744,0
384,3,0.169921875,0.130859375,6.947405423653133e-10,0.0040009768009768,0
385,1,0.0,0.0,4.6530293344052495e-10,0.0039009523809523,0
386,2,0.02734375,0.0,3.7707364284745227e-10,0.0037009035409035,0
387,2,0.77734375,0.0,3.7030390609975087e-10,0.0038009279609279,0
388,1,0.0,0.0,2.551779154572195e-10,0.0047011477411477,0
389,0,0.0,0.0,3.1582143267124947e-10,0.003100757020757,0
390,2,0.09375,0.0,4.5535338779386385e-10,0.0033008058608058,0
391,0,0.0,0.0,3.7459766255696876e-10,0.0034008302808302,0
392,0,0.0,0.0,3.32611004865183e-10,0.0032007814407814,0
393,0,0.0,0.0,2.4391138386101754e-10,0.0032007814407814,0
394,9,0.09814453125,0.0791060834934881,4.4106084124971485e-10,0.0197048107448107,0
395,4,0.2708333333333333,0.2368861424563438,5.778034202942626e-10,0.020004884004884,0
396,1,0.0,0.0,4.448331627947584e-10,0.0163039804639804,0
397,37,0.0296223958333333,0.0205748738190891,2.478446344431921e-09,0.0545133089133089,0
398,59,0.0330010775862069,0.0273261605775478,3.525573145068622e-09,0.0728177777777777,0
399,3,0.833984375,0.794921875,3.933713110696283e-10,0.0122029792429792,0
400,0,0.0,0.0,3.2898469459967856e-10,0.0047011477411477,0
401,1,0.0,0.0,4.799262464340874e-10,0.01810442002442,0
402,7,0.2740885416666667,0.2288344315782435,6.642803792772312e-10,0.0096023443223443,0
403,0,0.0,0.0,4.4279901333615837e-10,0.0063015384615384,0
404,0,0.0,0.0,3.583054166974153e-10,0.0037009035409035,0
405,0,0.0,0.0,3.9523223843421854e-10,0.0055013431013431,0
406,1,0.0,0.0,4.851300891822868e-10,0.0036008791208791,0
407,1,0.0,0.0,3.2167184397180957e-10,0.0046011233211233,0
408,0,0.0,0.0,3.2786160048064807e-10,0.0042010256410256,0
409,2,0.01171875,0.0,4.953353675666519e-10,0.0040009768009768,0
410,5,0.3740234375,0.6073645659761672,4.902734356946811e-10,0.0066016117216117,0
411,3,0.484375,0.4765625,4.871839265168592e-10,0.0145035409035409,0
412,0,0.0,0.0,2.3697050812435427e-10,0.0047011477411477,0
413,5,0.0751953125,0.0360535448085444,1.4557870463548116e-09,0.021205177045177,0
414,2,0.40625,0.0,8.785123765907303e-10,0.0080019536019536,0
415,20,0.0958059210526315,0.0713822184591168,1.266619415647861e-09,0.0151036874236874,0
416,9,0.1455078125,0.1319299433363422,1.053660901922406e-09,0.0086021001221001,0
417,4,0.0807291666666666,0.0518549681034892,1.332793600640727e-09,0.0067016361416361,0
418,5,0.416015625,0.4046364063426456,9.305886685980548e-10,0.0107026129426129,0
419,7,0.1334635416666666,0.0530069473159762,7.803999760859307e-10,0.0071017338217338,0
420,8,0.1635044642857142,0.1826047708898153,1.0166365417181007e-09,0.0157038339438339,0
421,1,0.0,0.0,5.478575989622233e-10,0.0246060073260073,0
422,7,0.02734375,0.0225527448902197,7.395812595460602e-10,0.0066016117216117,0
423,9,0.162109375,0.1715751112452739,9.963864713921947e-10,0.0136033211233211,0
424,8,0.18359375,0.2300664239536129,1.073389799398556e-09,0.0102024908424908,0
425,10,0.1614583333333333,0.2855632322131368,1.6321124293666075e-09,0.0102024908424908,0
426,10,0.1124131944444444,0.1236605998780183,1.5664913568087216e-09,0.0136033211233211,0
427,3,0.28125,0.1875,9.929364784690447e-10,0.0072017582417582,0
428,6,0.26484375,0.3081969363288674,7.812549378383282e-10,0.0252061538461538,0
429,5,0.3046875,0.1555158534171436,1.2436041902173423e-09,0.0203049572649572,0
430,3,0.79296875,0.76953125,5.127904018486092e-10,0.0245059829059829,0
431,4,0.5052083333333334,0.5572338609038823,7.081193826629381e-10,0.009302271062271,0
432,1,0.0,0.0,6.939285838910952e-10,0.0089021733821733,0
433,1,0.0,0.0,6.751711529656241e-10,0.0078019047619047,0
434,2,0.01171875,0.0,8.277007384150241e-10,0.0061014896214896,0
435,2,0.01953125,0.0,4.236744387857597e-10,0.005001221001221,0
436,1,0.0,0.0,3.104338340845323e-10,0.0054013186813186,0
437,3,0.080078125,0.060546875,4.4883922654641507e-10,0.0060014652014652,0
438,6,0.21640625,0.0887191847911149,1.0255867216489927e-09,0.007401807081807,0
439,8,0.2606026785714285,0.1423461494370899,1.1780200399248014e-09,0.0057013919413919,0
440,11,0.1875,0.1532823649296862,1.4315041137743174e-09,0.0076018559218559,0
441,12,0.1615767045454545,0.2132285144858684,8.265314688978265e-10,0.0070017094017094,0
442,6,0.24296875,0.2676325788569564,1.232938387797591e-09,0.0083020268620268,0
443,3,0.474609375,0.380859375,7.245280896437032e-10,0.0053012942612942,0
444,9,0.13330078125,0.090824250166654,1.4795023092241495e-09,0.0067016361416361,0
445,9,0.203125,0.1874694799379438,1.2390508318163992e-09,0.0073017826617826,0
446,6,0.38828125,0.2863321218172613,1.5216619607244606e-09,0.0063015384615384,0
447,3,0.224609375,0.115234375,1.171005691203722e-09,0.007401807081807,0
448,2,0.16796875,0.0,1.0740476838061544e-09,0.0057013919413919,0
449,7,0.2994791666666667,0.3340751024023474,9.645470027466936e-10,0.0057013919413919,0
450,4,0.2096354166666666,0.0470194533470515,8.236650773338045e-10,0.0058014163614163,0
451,7,0.3072916666666667,0.2242231356036449,1.3415308222442491e-09,0.0068016605616605,0
452,2,0.96484375,0.0,5.968710888639916e-10,0.0049011965811965,0
453,4,0.2278645833333333,0.0829458766074634,9.708571489835795e-10,0.0084020512820512,0
454,5,0.4345703125,0.3810583915119823,8.296809047624637e-10,0.0064015628815628,0
455,7,0.1451822916666666,0.2200646030092365,7.230930894163494e-10,0.0053012942612942,0
456,3,0.498046875,0.134765625,5.231674173066114e-10,0.0057013919413919,0
457,1,0.0,0.0,4.725447843708488e-10,0.0057013919413919,0
458,1,0.0,0.0,6.565294115331318e-10,0.0055013431013431,0
459,2,1.2890625,0.0,5.118910036277823e-10,0.0045010989010988,0
460,2,0.14453125,0.0,5.275660033901791e-10,0.0053012942612942,0
461,4,0.5078125,0.3706205865040756,6.679649582479825e-10,0.0058014163614163,0
462,2,1.5078125,0.0,6.258658256955532e-10,0.0052012698412698,0
463,25,0.06884765625,0.1601951985954494,1.778354081572087e-09,0.0778189987789987,0
464,15,0.10546875,0.1245720212429841,7.546393568042492e-10,0.0290070818070818,0
465,1,0.0,0.0,4.707364377922985e-10,0.0048011721611721,0
466,2,1.14453125,0.0,6.150986429732421e-10,0.0061014896214896,0
467,3,0.162109375,0.107421875,7.493690043612776e-10,0.0169041269841269,0
468,1,0.0,0.0,4.1946270495377634e-10,0.0066016117216117,0
469,5,0.2529296875,0.304617066678825,6.918166682833004e-10,0.0055013431013431,0
470,1,0.0,0.0,5.635223276248917e-10,0.0059014407814407,0
471,2,0.0390625,0.0,7.66241281707456e-10,0.0052012698412698,0
472,27,0.0521334134615384,0.1243831605960014,2.156857415844652e-09,0.0747182417582417,0
473,17,0.042236328125,0.0323953543052133,1.3848759748256082e-09,0.0489119413919413,0
474,6,0.340625,0.2275490374691244,6.326483813720535e-10,0.0076018559218559,0
475,1,0.0,0.0,1.1090427462007704e-09,0.006201514041514,0
476,3,0.224609375,0.185546875,7.229139715002808e-10,0.0045010989010989,0
477,1,0.0,0.0,5.311107359541998e-10,0.0051012454212454,0
478,2,0.96875,0.0,6.752550368163922e-10,0.0048011721611721,0
479,6,0.20078125,0.1485936678496092,9.048865020476739e-10,0.0061014896214896,0
480,2,0.19140625,0.0,4.4371599885708166e-10,0.0044010744810744,0
481,2,1.04296875,0.0,7.075417505033462e-10,0.0068016605616605,0
482,4,0.1588541666666666,0.134575210184419,5.479025729497912e-10,0.0045010989010989,0
483,1,0.0,0.0,5.503706401199533e-10,0.0056013675213675,0
484,1,0.0,0.0,4.1498996801766937e-10,0.0046011233211233,0
485,4,0.2291666666666666,0.2451584685385772,8.259639051763592e-10,0.0056013675213675,0
486,6,0.2546875,0.2174823762615605,8.052558347673387e-10,0.0058014163614163,0
487,4,0.6419270833333334,0.5356581562650418,7.725231438386771e-10,0.0065015873015873,0
488,7,0.1608072916666666,0.1346838268262019,8.265708440674098e-10,0.0620151404151404,0
489,3,0.064453125,0.056640625,5.83288421076024e-10,0.0056013675213675,0
490,5,0.2900390625,0.2239609355923187,7.835677679670925e-10,0.0056013675213675,0
491,4,0.31640625,0.2128338752725742,8.449757200916197e-10,0.0071017338217338,0
492,6,0.30703125,0.1923938171027722,8.787754406701863e-10,0.0067016361416361,0
493,2,0.328125,0.0,4.694575615420394e-10,0.0046011233211233,0
494,5,0.4482421875,0.3146941404579599,5.130131275335029e-10,0.0053012942612942,0
495,1,0.0,0.0,3.6978172401850277e-10,0.0055013431013431,0
496,2,1.51171875,0.0,4.5475165928605716e-10,0.0088021489621489,0
497,16,0.0817708333333333,0.1032853341140723,1.731913727817173e-09,0.048111746031746,0
498,57,0.0347377232142857,0.0260336519740589,4.063257324865898e-09,0.0692168986568986,0
499,25,0.0724283854166666,0.1205147192878793,1.8115139348255182e-09,0.0537131135531135,0
500,1,0.0,0.0,3.460460208628707e-10,0.0052012698412698,0
501,0,0.0,0.0,3.167661711846693e-10,0.0041010012210012,0
502,2,0.0234375,0.0,4.671625207926145e-10,0.00430105006105,0
503,1,0.0,0.0,3.77609898845304e-10,0.0033008058608058,0
504,3,0.384765625,0.330078125,5.113348029327881e-10,0.0044010744810744,0
505,1,0.0,0.0,5.018079086431306e-10,0.0040009768009768,0
506,2,0.08203125,0.0,6.917914130368342e-10,0.0046011233211233,0
507,5,0.26953125,0.3667821066648852,7.417382644488871e-10,0.0135032967032967,0
508,4,0.66015625,0.8784518501288455,4.3155784996444327e-10,0.0099024175824175,0
509,7,0.2454427083333333,0.3877263327657907,7.348183111933684e-10,0.0114027838827838,0
510,3,0.234375,0.2265625,5.970534627600216e-10,0.0063015384615384,0
511,1,0.0,0.0,6.526954360187531e-10,0.0040009768009768,0
512,5,0.2705078125,0.1941248067939617,1.1633531704101755e-09,0.0087021245421245,0
513,9,0.22265625,0.3032568575971325,1.3826877926480144e-09,0.0154037606837606,0
514,11,0.11796875,0.0894659174804852,1.993957907511021e-09,0.0144035164835164,0
515,0,0.0,0.0,1.3223182675162984e-09,0.0160039072039072,0
516,9,0.0546875,0.0457214840262485,6.635759974258715e-10,0.0096023443223443,0
517,7,0.3294270833333333,0.3596768056379072,8.250682410538178e-10,0.0067016361416361,0
518,10,0.1974826388888889,0.1383779664999248,2.4496843673640835e-09,0.0082020024420024,0
519,7,0.2565104166666667,0.1171151396967128,1.3995758915759486e-09,0.0071017338217338,0
520,5,0.3818359375,0.4107545394600183,8.364510182976873e-10,0.0058014163614163,0
521,4,0.52734375,0.644621994874548,7.075538618636145e-10,0.006201514041514,0
522,2,0.09765625,0.0,6.251180556254387e-10,0.0055013431013431,0
523,3,0.22265625,0.07421875,5.400354451650812e-10,0.0091022222222222,0
524,1,0.0,0.0,5.461629752437901e-10,0.0060014652014652,0
525,6,0.38203125,0.6717995960594386,6.640360631432058e-10,0.0080019536019536,0
526,12,0.1740056818181818,0.2375458077901667,7.114446542574403e-10,0.0216052747252747,0
527,42,0.0464939024390243,0.1109452990687615,1.940032123378334e-09,0.0279068131868131,0
528,37,0.0428602430555555,0.0286973688753215,4.9305116403001595e-09,0.0744181684981685,0
529,17,0.110595703125,0.2457552807493764,1.3129272846205652e-09,0.0280068376068376,0
530,5,0.208984375,0.0960214730725144,1.371296622418417e-09,0.0046011233211233,0
531,4,0.6002604166666666,0.3436661434965101,9.930560115441641e-10,0.0063015384615384,0
532,2,0.25,0.0,1.568280714344416e-09,0.0047011477411477,0
533,5,0.4794921875,0.3317482134635098,7.093345841514338e-10,0.0044010744810744,0
534,8,0.1579241071428571,0.1720379851065319,9.519624515102995e-10,0.0088021489621489,0
535,0,0.0,0.0,4.4570120670309536e-10,0.005001221001221,0
536,3,0.107421875,0.005859375,6.484573858786883e-10,0.0068016605616605,0
537,2,1.20703125,0.0,6.271060780218288e-10,0.0049011965811965,0
538,1,0.0,0.0,4.727322020948967e-10,0.0042010256410256,0
539,4,0.2421875,0.129594909216341,8.407221325619332e-10,0.0052012698412698,0
540,0,0.0,0.0,2.4230672325910416e-10,0.0034008302808302,0
541,5,0.18359375,0.1366629350354367,3.9534218351898064e-10,0.0223054456654456,0
542,7,0.1009114583333333,0.1959548897591726,5.712380782564503e-10,0.0158038583638583,0
543,2,0.03125,0.0,6.042490893738603e-10,0.0035008547008547,0
544,0,0.0,0.0,3.6887772805813095e-10,0.0033008058608058,0
545,1,0.0,0.0,4.7168022589268e-10,0.005001221001221,0
546,0,0.0,0.0,4.0577595587325436e-10,0.0038009279609279,0
547,2,0.0234375,0.0,4.442635212094919e-10,0.0040009768009768,0
548,0,0.0,0.0,3.5598852867768835e-10,0.0040009768009768,0
549,2,0.12890625,0.0,4.491709317616483e-10,0.0042010256410256,0
550,1,0.0,0.0,5.4605514704101e-10,0.0066016117216117,0
551,2,0.10546875,0.0,6.528785192303965e-10,0.0037009035409035,0
552,1,0.0,0.0,6.25045959342262e-10,0.0040009768009768,0
553,2,0.546875,0.0,5.336054030422162e-10,0.0038009279609279,0
554,2,0.1640625,0.0,7.632996834705281e-10,0.0036008791208791,0
555,5,0.3017578125,0.1964104879403063,5.628493233804588e-10,0.00430105006105,0
556,0,0.0,0.0,4.3132319519825237e-10,0.0049011965811965,0
557,1,0.0,0.0,4.1856154567349615e-10,0.0046011233211233,0
558,3,0.626953125,0.162109375,6.931828084071672e-10,0.0185045177045177,0
559,2,0.484375,0.0,5.449836454415208e-10,0.0040009768009768,0
560,1,0.0,0.0,4.668919791988129e-10,0.00430105006105,0
561,0,0.0,0.0,3.002059408781593e-10,0.0036008791208791,0
562,0,0.0,0.0,3.7628479478439406e-10,0.0038009279609279,0
563,2,0.40234375,0.0,5.195690766718694e-10,0.0036008791208791,0
564,2,0.109375,0.0,8.944596364940342e-10,0.0045010989010989,0
565,2,0.44921875,0.0,4.905876118459108e-10,0.0033008058608058,0
566,8,0.23046875,0.1741804590367928,8.832687419354657e-10,0.0060014652014652,0
567,3,0.14453125,0.0703125,5.839588518675057e-10,0.0103025152625152,0
568,16,0.1138020833333333,0.1259151612046006,5.188853540745138e-10,0.0115028083028083,0
569,17,0.101806640625,0.1662364612889095,2.1193011720083606e-09,0.0561136996336996,0
570,43,0.0375744047619047,0.0326481363470774,5.24207138421882e-09,0.0655159951159951,0
571,7,0.0911458333333333,0.1172236634015706,6.877332425409348e-09,0.0255062271062271,0
572,60,0.0278734110169491,0.0293593316172233,8.683621194341203e-09,0.0713174114774114,0
573,11,0.16875,0.1547466742877694,3.322401285978724e-09,0.0622151892551892,0
574,1,0.0,0.0,6.770747836925148e-10,0.008101978021978,0
575,9,0.1845703125,0.2278783012983832,6.672906011791083e-10,0.0182044444444444,0
576,0,0.0,0.0,7.131194270388408e-10,0.0035008547008547,0
577,4,0.03515625,0.0261066896559419,9.94996619860688e-10,0.0087021245421245,0
578,0,0.0,0.0,2.6159477584042594e-10,0.0042010256410256,0
579,2,1.015625,0.0,3.7659464807043777e-10,0.0044010744810744,0
580,3,0.23046875,0.2109375,4.9226757928681e-10,0.0040009768009768,0
581,0,0.0,0.0,3.9168145397541005e-10,0.0051012454212454,0
582,0,0.0,0.0,6.808158144024101e-10,0.005001221001221,0
583,0,0.0,0.0,2.8175676058145147e-10,0.0032007814407814,0
584,2,0.03125,0.0,3.237230682528873e-10,0.003100757020757,0
585,2,0.31640625,0.0,4.958880746784249e-10,0.0036008791208791,0
586,4,0.4283854166666667,0.506642616102701,7.463106736229447e-10,0.003100757020757,0
587,0,0.0,0.0,3.300061585833105e-10,0.0038009279609279,0
588,2,0.47265625,0.0,4.4065152246385074e-10,0.0037009035409035,0
589,2,0.0078125,0.0,3.310842088314616e-10,0.0037009035409035,0
590,0,0.0,0.0,3.9273853690062475e-10,0.0035008547008547,0
591,2,0.73046875,0.0,3.5733375913235107e-10,0.0071017338217338,0
592,4,0.42578125,0.4392519794289966,9.06778753441986e-10,0.005001221001221,0
593,2,0.2109375,0.0,5.177687911333171e-10,0.0159038827838827,0
594,0,0.0,0.0,2.744029891980899e-10,0.0037009035409035,0
595,2,0.0234375,0.0,5.489919000349976e-10,0.0039009523809523,0
596,1,0.0,0.0,4.0732237106435817e-10,0.005001221001221,0
597,1,0.0,0.0,4.2063796696494717e-10,0.00430105006105,0
598,0,0.0,0.0,3.107585800866478e-10,0.0053012942612942,0
599,1,0.0,0.0,5.053462783316261e-10,0.0054013186813186,0
600,0,0.0,0.0,2.9428889758703173e-10,0.0069016849816849,0
601,6,0.0359375,0.0251217737356461,5.997530504298476e-10,0.0089021733821733,0
602,49,0.03466796875,0.0405685031956823,3.263827647231093e-09,0.0809197557997558,0
603,16,0.11484375,0.2013029255588245,1.5980607823613772e-09,0.038109304029304,0
604,2,0.01171875,0.0,3.7767468358700034e-10,0.0120029304029304,0
605,0,0.0,0.0,3.4634521228500156e-10,0.0036008791208791,0
606,0,0.0,0.0,3.624666790546484e-10,0.0048011721611721,0
607,18,0.1036305147058823,0.3423898287537441,1.5697832387392827e-09,0.0854208547008547,0
608,53,0.035381610576923,0.0393649160701216,5.6231563012011724e-09,0.0934228083028083,0
609,13,0.115234375,0.1898353103833935,1.6973829701451036e-09,0.0327079853479853,0
610,0,0.0,0.0,2.95903449589347e-10,0.0056013675213675,0
611,0,0.0,0.0,2.8332428519155846e-10,0.0041010012210012,0
612,2,1.140625,0.0,3.866445950709344e-10,0.0051012454212454,0
613,0,0.0,0.0,4.999819042988113e-10,0.0047011477411477,0
614,0,0.0,0.0,3.298548163718149e-10,0.0035008547008547,0
615,4,0.6015625,0.5008639183586113,7.637470671138824e-10,0.0063015384615384,0
616,1,0.0,0.0,6.012532686754296e-10,0.0045010989010989,0
617,4,0.51171875,0.2975424241022194,6.04134724751998e-10,0.0035008547008547,0
618,2,0.328125,0.0,3.8835763071254137e-10,0.0036008791208791,0
619,1,0.0,0.0,5.116352545839725e-10,0.0032007814407814,0
620,4,0.5013020833333334,0.4299517811001375,8.65671443866556e-10,0.0040009768009768,0
621,0,0.0,0.0,3.1655305911401376e-10,0.0030007326007326,0
622,3,0.23046875,0.22265625,5.720509149309516e-10,0.0160039072039072,0
623,2,0.0234375,0.0,3.9199289128318425e-10,0.0053012942612942,0
624,0,0.0,0.0,3.8973863035790687e-10,0.0037009035409035,0
625,3,0.26171875,0.12109375,5.078181325949183e-10,0.0039009523809523,0
626,2,0.74609375,0.0,1.1504427148557755e-09,0.005001221001221,0
627,4,0.4817708333333333,0.5579271347739003,6.887200129545022e-10,0.0038009279609279,0
628,2,0.0859375,0.0,7.47809092955613e-10,0.0063015384615384,0
629,1,0.0,0.0,6.8062552214481e-10,0.0037009035409035,0
630,6,0.2734375,0.3129098874376615,1.1811749243583034e-09,0.0104025396825396,0
631,7,0.1412760416666666,0.1153152670409127,8.299744552619152e-09,0.0068016605616605,0
632,1,0.0,0.0,8.695317834426122e-09,0.0047011477411477,0
633,13,0.068359375,0.0778396481464793,1.6389736433692475e-09,0.0049011965811965,0
634,0,0.0,0.0,2.891807751755096e-10,0.0055013431013431,0
635,1,0.0,0.0,4.640572773871767e-10,0.0063015384615384,0
636,3,0.36328125,0.3515625,5.157229531084841e-10,0.0049011965811965,0
637,25,0.041015625,0.0346828661506958,1.956812080210946e-09,0.0375091575091575,0
638,18,0.0523897058823529,0.0413845415036214,1.4107914735790763e-09,0.0295072039072039,0
639,4,0.0338541666666666,0.0080265807330325,5.514364258469112e-10,0.0090021978021978,0
640,0,0.0,0.0,4.2373288452872917e-10,0.0075018315018315,0
641,1,0.0,0.0,5.021039442513801e-10,0.0064015628815628,0
642,1,0.0,0.0,4.3855605796997724e-10,0.0064015628815628,0
643,1,0.0,0.0,2.8010679055207445e-10,0.0084020512820512,0
644,3,0.03515625,0.01953125,3.6759464192070636e-10,0.0076018559218559,0
645,10,0.1549479166666666,0.2351837896849091,6.093532237777314e-10,0.0144035164835164,0
646,11,0.14453125,0.1812432649610738,1.105287219944958e-09,0.0161039316239316,0
647,31,0.0614583333333333,0.1099313109203184,1.847906630840754e-09,0.0497121367521367,0
648,52,0.0347732843137254,0.0285718068749263,5.158348202172606e-09,0.0737179975579975,0
649,14,0.0928485576923077,0.1788898070820348,9.277210366052511e-10,0.0123030036630036,0
650,31,0.0610677083333333,0.0725096761158491,1.5883636552363655e-09,0.0426104029304029,0
651,52,0.0373008578431372,0.0376531426494267,2.7456681291846123e-09,0.0463113064713064,0
652,3,0.017578125,0.009765625,7.259027706729744e-10,0.0155037851037851,0
653,9,0.18212890625,0.1599052136514168,1.196261433259201e-09,0.0114027838827838,0
654,7,0.30078125,0.3767591118810753,1.4207635752292916e-09,0.0119029059829059,0
655,20,0.0988898026315789,0.1407337654557444,1.133607201372769e-09,0.0173042246642246,0
656,10,0.0638020833333333,0.0667500292602932,1.5533826294872539e-09,0.0091022222222222,0
657,31,0.0466145833333333,0.0393599783956439,3.106548098330664e-09,0.029307155067155,0
658,1,0.0,0.0,1.3286064628226372e-09,0.0128031257631257,0
659,2,0.01953125,0.0,3.9168513216704605e-10,0.0053012942612942,0
660,0,0.0,0.0,4.4402678392061405e-10,0.0060014652014652,0
661,5,0.244140625,0.2838623792294373,7.498606287997885e-10,0.0077018803418803,0
662,3,0.138671875,0.001953125,1.109577171838218e-09,0.0066016117216117,0
663,5,0.44921875,0.4385537672147866,9.926233266906915e-10,0.0065015873015873,0
664,6,0.30859375,0.3656133144500142,8.019756891566072e-10,0.007401807081807,0
665,28,0.0692997685185185,0.0896239044350604,1.9221797122037504e-09,0.0552134798534798,0
666,76,0.0259375,0.02235012292565,7.537002663183123e-09,0.0795194139194139,0
667,32,0.0512852822580645,0.067313550523229,1.900495556539512e-09,0.0366089377289377,0
668,30,0.0599407327586206,0.0884554460227872,1.51736728879586e-09,0.0240058608058608,0
669,15,0.1389508928571428,0.1392676484964458,9.355412587111878e-10,0.0220053724053724,0
670,2,1.1640625,0.0,8.368153485369603e-10,0.0065015873015873,0
671,6,0.321875,0.2886356645929258,7.742319334867411e-10,0.0048011721611721,0
672,5,0.0791015625,0.0629485248807942,6.534249572267542e-10,0.0046011233211233,0
673,3,0.029296875,0.017578125,6.864858574579843e-10,0.0059014407814407,0
674,7,0.1751302083333333,0.0950810636471822,1.1084308624830603e-09,0.0067016361416361,0
675,1,0.0,0.0,5.010337972234148e-10,0.0041010012210012,0
676,1,0.0,0.0,4.633337265434335e-10,0.0041010012210012,0
677,2,0.1484375,0.0,4.2967816999553485e-10,0.0032007814407814,0
678,1,0.0,0.0,3.4553216421348283e-10,0.0042010256410256,0
679,2,0.21484375,0.0,4.4782632850970765e-10,0.0049011965811965,0
680,6,0.24296875,0.1115410518598421,1.3906612205204235e-09,0.0101024664224664,0
681,61,0.0328125,0.0350345114449666,3.3060242204143864e-09,0.080019536019536,0
682,5,0.0830078125,0.0597142216648845,1.9566435356399294e-09,0.0311075946275946,0
683,26,0.061875,0.0789617688346708,1.1556022742964704e-09,0.027406691086691,0
684,30,0.0615571120689655,0.1071473774022053,3.518395204756239e-09,0.03620884004884,0
685,12,0.1281960227272727,0.25360186180905,2.7236300425002347e-09,0.0130031746031746,0
686,13,0.1184895833333333,0.2196105500062443,1.5719682918915974e-09,0.0333081318681318,0
687,17,0.12158203125,0.2074816141830379,2.827353138240557e-09,0.0233056898656898,0
688,13,0.1175130208333333,0.1129266443102399,2.891924647317561e-09,0.0136033211233211,0
689,9,0.15576171875,0.1050054476096833,6.869961615892248e-09,0.0119029059829059,0
690,6,0.09375,0.0686878270010414,2.775357564369984e-09,0.0117028571428571,0
691,13,0.1484375,0.2644784153650547,2.799987425080431e-09,0.03620884004884,0
692,18,0.0907628676470588,0.0484850893577631,3.934570284255494e-09,0.0304074236874236,0
693,10,0.1740451388888889,0.2357030596232882,1.755971342624273e-09,0.0182044444444444,0
694,9,0.21875,0.2916702996890549,1.2182066100807515e-09,0.025006105006105,0
695,22,0.091703869047619,0.1220209739435343,1.3406910187645076e-09,0.0257062759462759,0
696,23,0.05859375,0.0484752876796517,2.753841736638497e-09,0.0256062515262515,0
697,19,0.0889756944444444,0.0966752423883032,2.801277638733282e-09,0.0237057875457875,0
698,11,0.08203125,0.0446065700738131,1.821958118628505e-09,0.0318077655677655,0
699,5,0.14453125,0.1839466355932985,7.959711432238903e-10,0.0136033211233211,0
700,6,0.32421875,0.4514313715318476,1.66292117216024e-09,0.0133032478632478,0
701,10,0.0993923611111111,0.1049791088996408,7.632008405145424e-10,0.0127031013431013,0
702,12,0.1640625,0.2633856558901664,7.933790820938829e-10,0.0146035653235653,0
703,12,0.1729403409090909,0.2607129104429175,2.1636850852753435e-09,0.0107026129426129,0
704,15,0.1361607142857142,0.0779973446859649,2.820435855692265e-09,0.0140034188034188,0
705,41,0.04677734375,0.0914157960259687,2.993816591807663e-09,0.0558136263736263,0
706,76,0.0256770833333333,0.0255806060231943,5.720608984026166e-09,0.0634154822954822,0
707,68,0.0285680970149253,0.0199204340277613,5.303786436226912e-09,0.080019536019536,0
708,4,0.0755208333333333,0.0633353463907047,8.694721275536292e-10,0.0368089865689865,0
709,24,0.0808423913043478,0.1094079602814628,1.6605932938250355e-09,0.0608148473748473,0
710,5,0.3408203125,0.2099836470276744,5.575847893055425e-10,0.0088021489621489,0
711,5,0.05859375,0.0327985461401302,1.034492352133435e-09,0.0054013186813186,0
712,5,0.216796875,0.2222532674508479,7.317900203789054e-10,0.0071017338217338,0
713,4,0.5013020833333334,0.5189124735106398,8.492015266754848e-10,0.0053012942612942,0
714,2,1.23828125,0.0,7.860152871141882e-10,0.0128031257631257,0
715,20,0.0789473684210526,0.077293882483613,2.5589242829226803e-09,0.0102024908424908,0
716,33,0.058837890625,0.0693148728730704,5.108468403798074e-09,0.080019536019536,0
717,28,0.0648148148148148,0.1371675803173904,1.7474017145963686e-09,0.0601146764346764,0
718,2,0.09375,0.0,4.69560504318975e-10,0.0091022222222222,0
719,5,0.04296875,0.0239207982693669,8.155867901346382e-10,0.0039009523809523,0
720,0,0.0,0.0,3.716649820129673e-10,0.0038009279609279,0
721,1,0.0,0.0,4.753540754456505e-10,0.0051012454212454,0
722,0,0.0,0.0,3.502432632254633e-10,0.0042010256410256,0
723,9,0.17041015625,0.2727945670999211,7.677315386693246e-10,0.0194047374847374,0
724,45,0.0450106534090909,0.0652551502857292,2.5885565797653707e-09,0.0803196092796092,0
725,39,0.0476973684210526,0.0405272052325712,3.103698597563066e-09,0.0839204884004884,0
726,0,0.0,0.0,4.1127208906656015e-10,0.0097023687423687,0
727,5,0.400390625,0.2609670291113479,9.807914018322101e-10,0.0066016117216117,0
728,25,0.0709635416666666,0.1009765415121942,1.9927319655398867e-09,0.0355086691086691,0
729,65,0.0267333984375,0.0226324416720448,5.666146030753688e-09,0.0807197069597069,0
730,4,0.2513020833333333,0.2022299323283125,1.625423925562719e-09,0.0140034188034188,0
731,5,0.103515625,0.1242193641887331,6.727952741130969e-10,0.0094022954822954,0
732,6,0.31796875,0.4919555505041843,5.831600221381013e-10,0.0089021733821733,0
733,3,0.626953125,0.384765625,1.2413263809454855e-09,0.0082020024420024,0
734,4,0.4544270833333333,0.3274008212314922,9.669758840145742e-10,0.0073017826617826,0
735,3,0.671875,0.54296875,1.4498150235329722e-09,0.0068016605616605,0
736,3,0.603515625,0.486328125,6.648739430847946e-10,0.0075018315018315,0
737,3,0.685546875,0.126953125,7.46672239977242e-10,0.0061014896214896,0
738,9,0.24365234375,0.2435221658757722,2.073086049255062e-09,0.0099024175824175,0
739,6,0.1359375,0.1105240976976288,1.07001665831794e-09,0.0063015384615384,0
740,7,0.171875,0.1997159848619409,2.7786226297444243e-09,0.014303492063492,0
741,5,0.1513671875,0.1684987776624224,1.3061390852842891e-09,0.0091022222222222,0
742,7,0.0436197916666666,0.0256563287698411,1.1028905135361176e-09,0.0057013919413919,0
743,6,0.15546875,0.1406553786631531,9.275771754022668e-10,0.0041010012210012,0
744,8,0.1188616071428571,0.1427764664774386,1.1641326395504507e-09,0.0054013186813186,0
745,4,0.23046875,0.2823870245613721,1.1241540665891055e-09,0.0046011233211233,0
746,2,0.30078125,0.0,6.556748137563155e-10,0.0048011721611721,0
747,6,0.10546875,0.0901320103896224,1.0065261672003883e-09,0.0053012942612942,0
748,3,0.046875,0.0234375,6.221685518388814e-10,0.005001221001221,0
749,4,0.1901041666666666,0.1176783700801562,1.0400878046539675e-09,0.0046011233211233,0
750,5,0.345703125,0.2937424679054288,6.706526378015044e-10,0.0073017826617826,0
751,4,0.3684895833333333,0.3383563194546993,6.703830774858704e-10,0.0064015628815628,0
752,5,0.40625,0.3058496466364744,9.319040029719974e-10,0.0069016849816849,0
753,3,0.25390625,0.15234375,5.161716971469719e-10,0.0059014407814407,0
754,3,0.076171875,0.041015625,7.874954756379321e-10,0.0061014896214896,0
755,4,0.4609375,0.2566458768805602,6.855351229564255e-10,0.0054013186813186,0
756,0,0.0,0.0,4.2860333205027566e-10,0.0056013675213675,0
757,1,0.0,0.0,5.08022841197349e-10,0.0051012454212454,0
758,0,0.0,0.0,4.4162723151390727e-10,0.0059014407814407,0
759,6,0.3078125,0.1995692382592442,8.591951133675033e-10,0.006201514041514,0
760,4,0.2005208333333333,0.1416460807653376,5.99115333181267e-10,0.005001221001221,0
761,6,0.19296875,0.1146229808300892,8.58979791237117e-10,0.0064015628815628,0
762,7,0.2389322916666666,0.2535395656175784,1.1940773701204672e-09,0.0122029792429792,0
763,52,0.0358455882352941,0.0395625611833564,3.454960428691255e-09,0.0849207326007326,0
764,28,0.0652488425925925,0.1261064619038353,2.601652916775684e-09,0.0822200732600732,0
765,9,0.19580078125,0.364028326567226,6.724994982378222e-10,0.0130031746031746,0
766,17,0.069580078125,0.097941173706095,1.1213346756286886e-09,0.0188045909645909,0
767,40,0.0469751602564102,0.0690235714407582,2.162182357054152e-09,0.0420102564102564,0
768,12,0.1779119318181818,0.2593647508990189,7.812217764598716e-10,0.026206398046398,0
769,8,0.2433035714285714,0.3039620074697046,6.500210482711054e-10,0.0149036385836385,0
770,12,0.1409801136363636,0.1570863142786533,7.964167471722415e-10,0.016203956043956,0
771,5,0.3505859375,0.4149126645766241,5.10912826532103e-10,0.0118028815628815,0
772,10,0.2078993055555555,0.168787147260231,6.81952974284991e-10,0.0077018803418803,0
773,6,0.275,0.3496004276089705,7.309443484480687e-10,0.0073017826617826,0
774,3,0.439453125,0.431640625,6.433668897854452e-10,0.0090021978021978,0
775,3,0.21484375,0.0078125,5.289810327141483e-10,0.0079019291819291,0
776,3,0.173828125,0.154296875,5.378564043070109e-10,0.007401807081807,0
777,4,0.3046875,0.3279544447610699,1.628171248775644e-09,0.0098023931623931,0
778,2,0.78125,0.0,4.920963552731524e-10,0.0065015873015873,0
779,4,0.1549479166666666,0.051559869461519,8.066747670742633e-10,0.0075018315018315,0
780,6,0.059375,0.0511942341418933,7.351512352900287e-10,0.0091022222222222,0
781,9,0.20556640625,0.3696308413093337,9.903273896877947e-10,0.0099024175824175,0
782,12,0.1800426136363636,0.2368445565681876,3.585918698477363e-09,0.0464113308913308,0
783,3,0.66015625,0.08203125,8.31210108276271e-10,0.0256062515262515,0
784,8,0.2494419642857142,0.2821509361834937,5.913634266713478e-10,0.0164040048840048,0
785,3,0.138671875,0.099609375,5.775317116491566e-10,0.011202735042735,0
786,5,0.2138671875,0.2965584120956072,6.287192830233121e-10,0.0177043223443223,0
787,14,0.1207932692307692,0.2327036840879623,1.375926885074378e-09,0.0247060317460317,0
788,11,0.114453125,0.0973753773359986,8.101413724253122e-10,0.0211051526251526,0
789,4,0.1927083333333333,0.2450962201219259,5.038786769570309e-10,0.0075018315018315,0
790,3,0.021484375,0.005859375,4.5763162102447806e-10,0.0052012698412698,0
791,2,1.0078125,0.0,4.432378292855056e-10,0.0104025396825396,0
792,5,0.2451171875,0.3574205408957342,5.894993894993893e-10,0.0101024664224664,0
793,7,0.1399739583333333,0.1220229943012293,6.707421658944093e-10,0.0141034432234432,0
794,1,0.0,0.0,6.518777086771591e-10,0.0149036385836385,0
795,16,0.08515625,0.094519412137578,1.3313714921372884e-09,0.0164040048840048,0
796,17,0.078857421875,0.1087736218108478,1.051388308857402e-09,0.0102024908424908,0
797,13,0.14453125,0.1965067654157654,5.716736079430677e-10,0.0110026862026861,0
798,4,0.3046875,0.3527035879652228,7.953168653775337e-10,0.0082020024420024,0
799,1,0.0,0.0,4.89819452737264e-10,0.0069016849816849,0
800,5,0.248046875,0.3380035035442726,7.768773243189452e-10,0.0070017094017094,0
801,21,0.0767578125,0.0945705867922498,2.0310749184275397e-09,0.0570139194139194,0
802,15,0.1063058035714285,0.1020034488065922,1.4546338575699839e-09,0.0445108669108669,0
803,4,0.1015625,0.1190391900847853,4.860402488507455e-10,0.0158038583638583,0
804,11,0.1703125,0.1516933230495413,6.128073648577882e-10,0.0211051526251526,0
805,12,0.0909090909090909,0.0995496967657972,5.277017627879004e-10,0.0198048351648351,0
806,6,0.08125,0.114110649084014,3.9979085264255816e-10,0.0105025641025641,0
807,7,0.240234375,0.2588240689766711,6.25900935071322e-10,0.0066016117216117,0
808,5,0.12890625,0.0969112205473068,7.88700291883957e-10,0.0089021733821733,0
809,3,0.982421875,0.857421875,5.886384870831413e-10,0.0072017582417582,0
810,6,0.3796875,0.362784438514285,5.752527813325088e-10,0.0140034188034188,0
811,0,0.0,0.0,3.9179133791227417e-10,0.0128031257631257,0
812,0,0.0,0.0,2.5421668855877873e-10,0.0090021978021978,0
813,5,0.314453125,0.1981146641872217,4.3903900756006974e-10,0.0068016605616605,0
814,0,0.0,0.0,3.5784431554234657e-10,0.0085020757020757,0
815,6,0.28046875,0.2714256343826058,6.224697716241329e-10,0.0092022466422466,0
816,8,0.1891741071428571,0.3052011548762862,5.631743780338674e-10,0.0090021978021978,0
817,4,0.2408854166666666,0.2537626463563223,4.512740467310637e-10,0.0096023443223443,0
818,0,0.0,0.0,4.1505625466820517e-10,0.0102024908424908,0
819,1,0.0,0.0,3.410714006181038e-10,0.0084020512820512,0
820,1,0.0,0.0,2.7855061033289053e-10,0.0084020512820512,0
821,2,0.9296875,0.0,3.8477039511838046e-10,0.0110026862026862,0
822,0,0.0,0.0,3.0684775797098363e-10,0.0055013431013431,0
823,0,0.0,0.0,3.214046800714039e-10,0.0063015384615384,0
824,8,0.1841517857142857,0.2683229302054585,7.951786286164145e-10,0.007401807081807,0
825,2,0.6875,0.0,7.459236173307256e-10,0.0092022466422466,0
826,5,0.3623046875,0.5020053702747292,5.864657363054798e-10,0.0060014652014652,0
827,3,0.07421875,0.03125,6.054935271281424e-10,0.0066016117216117,0
828,7,0.1419270833333333,0.1892774188796515,7.554101091661187e-10,0.0071017338217338,0
829,2,1.18359375,0.0,5.198593084710873e-10,0.0090021978021978,0
830,0,0.0,0.0,3.5081906735409477e-10,0.0078019047619047,0
831,18,0.0792738970588235,0.1246315565055673,1.4621731860342208e-09,0.0502122588522588,0
832,5,0.3369140625,0.3268013550635718,8.61515204372347e-10,0.0113027594627594,0
833,5,0.2470703125,0.313418754405018,1.7145548652016142e-09,0.0101024664224664,0
834,5,0.1806640625,0.1911345129446124,6.8928333301187e-10,0.0091022222222222,0
835,9,0.17529296875,0.3517275952413635,4.6363927501748007e-10,0.008101978021978,0
836,7,0.2376302083333333,0.4288842911108722,5.214656724787218e-10,0.0101024664224664,0
837,2,0.09375,0.0,4.674848045727166e-10,0.0091022222222222,0
838,0,0.0,0.0,3.7580172930447644e-10,0.0086021001221001,0
839,2,0.0078125,0.0,5.946672510775073e-10,0.0082020024420024,0
840,7,0.201171875,0.2474926140193695,5.608662003865757e-10,0.0073017826617826,0
841,1,0.0,0.0,3.1102464216017324e-10,0.0090021978021978,0
842,4,0.3098958333333333,0.3913838115934671,5.428473685112877e-10,0.0079019291819291,0
843,4,0.0286458333333333,0.0036828478186799,6.845587674857361e-10,0.0103025152625152,0
844,1,0.0,0.0,4.0204751580667327e-10,0.0090021978021978,0
845,12,0.1168323863636363,0.1207261022905852,1.1711795393357319e-09,0.0102024908424908,0
846,36,0.0446428571428571,0.0498260586526226,1.8138644926247946e-09,0.0669163369963369,0
847,38,0.0490920608108108,0.0912783910114724,2.2544757372596196e-09,0.0511124786324786,0
848,18,0.1135110294117647,0.1865279576669501,1.0856446236997974e-09,0.0291071062271062,0
849,2,0.40234375,0.0,3.8888423000144605e-10,0.0107026129426129,0
850,4,0.4270833333333333,0.56531714016737,5.632870351734821e-10,0.0108026373626373,0
851,4,0.3528645833333333,0.1718848639846274,5.974637616593317e-10,0.0129031501831501,0
852,3,0.763671875,0.349609375,6.575368214004317e-10,0.0052012698412698,0
853,1,0.0,0.0,3.2151053931187846e-10,0.0048011721611721,0
854,0,0.0,0.0,2.333646573630548e-10,0.0042010256410256,0
855,2,0.46484375,0.0,7.823089721040728e-10,0.0048011721611721,0
856,1,0.0,0.0,3.235282551273851e-10,0.0057013919413919,0
857,1,0.0,0.0,1.069415109759661e-09,0.0058014163614163,0
858,0,0.0,0.0,2.8152470663917543e-10,0.0045010989010989,0
859,0,0.0,0.0,3.0886649408284017e-10,0.0042010256410256,0
860,3,0.755859375,0.708984375,4.3647302979377146e-10,0.0035008547008547,0
861,1,0.0,0.0,2.9386655080479475e-10,0.0035008547008547,0
862,0,0.0,0.0,2.7061428584007566e-10,0.0029007081807081,0
863,0,0.0,0.0,2.2363265322428556e-10,0.0033008058608058,0
864,0,0.0,0.0,3.4781084236784776e-10,0.0034008302808302,0
865,2,0.03515625,0.0,3.9764639528833664e-10,0.0035008547008547,0
866,0,0.0,0.0,1.700328520283305e-10,0.0037009035409035,0
867,1,0.0,0.0,4.309478100014387e-10,0.0047011477411477,0
868,2,0.4375,0.0,5.392243002490826e-10,0.0044010744810744,0
869,3,0.0234375,0.0,3.917608268584115e-10,0.0055013431013431,0
870,1,0.0,0.0,5.602817918751984e-10,0.0037009035409035,0
871,1,0.0,0.0,1.8205673236722915e-10,0.0034008302808302,0
872,5,0.0966796875,0.0069740511997488,8.510949171677764e-10,0.0085020757020757,0
873,5,0.1708984375,0.0871003971690813,9.39355210327337e-10,0.0060014652014652,0
874,3,0.712890625,0.615234375,8.640894860231511e-10,0.0072017582417582,0
875,0,0.0,0.0,3.4800090633996304e-10,0.0032007814407814,0
876,2,0.5859375,0.0,5.547305917970408e-10,0.0046011233211233,0
877,2,0.5,0.0,4.5438492564322454e-10,0.0035008547008547,0
878,3,0.658203125,0.572265625,6.169397496835682e-10,0.0072017582417582,0
879,1,0.0,0.0,4.3695394985602166e-10,0.0046011233211233,0
880,0,0.0,0.0,4.921408988959926e-10,0.0038009279609279,0
881,0,0.0,0.0,1.975839731849347e-10,0.0027006593406593,0
882,0,0.0,0.0,2.2959982148540983e-10,0.0029007081807081,0
883,1,0.0,0.0,7.228230643766928e-10,0.0079019291819291,0
884,4,0.0950520833333333,0.0537809281980817,4.0106173948321375e-10,0.0070017094017094,0
885,1,0.0,0.0,3.0557947428368675e-10,0.0047011477411477,0
886,0,0.0,0.0,3.353055050299212e-10,0.0041010012210012,0
887,2,0.96875,0.0,5.304682520814045e-10,0.0040009768009768,0
888,2,0.26171875,0.0,3.7580427247465937e-10,0.0038009279609279,0
889,0,0.0,0.0,2.2084320784526824e-10,0.0030007326007326,0
890,0,0.0,0.0,4.29100470864436e-10,0.0034008302808302,0
891,1,0.0,0.0,5.01527945031837e-10,0.0041010012210012,0
892,1,0.0,0.0,4.4246851651985564e-10,0.0033008058608058,0
893,1,0.0,0.0,4.106648176474184e-10,0.0033008058608058,0
894,16,0.09765625,0.1466726220973657,2.132570011896935e-09,0.0069016849816849,0
895,0,0.0,0.0,6.092755746830838e-10,0.0037009035409035,0
896,15,0.1068638392857142,0.1606088928517038,1.019421461570328e-09,0.0295072039072039,0
897,10,0.2048611111111111,0.4105471480166422,3.0866359202225157e-09,0.0090021978021978,0
898,11,0.163671875,0.1434870429486252,1.0361374967201432e-09,0.0101024664224664,0
899,7,0.2239583333333333,0.3404095107112004,6.59001706061287e-10,0.0203049572649572,0
900,21,0.0705078125,0.0781589281796981,1.8145275291795438e-09,0.0259063247863247,0
901,10,0.0290798611111111,0.0071581694889195,1.512012302421242e-09,0.0372090842490842,0
902,0,0.0,0.0,3.1867979056623747e-10,0.0061014896214896,0
903,2,1.56640625,0.0,6.436305344787486e-10,0.0045010989010989,0
904,2,1.5546875,0.0,4.172062071801655e-10,0.0035008547008547,0
905,2,0.06640625,0.0,8.893167238405333e-10,0.0059014407814407,0
906,9,0.17138671875,0.3134594493722543,1.2773957391073344e-09,0.0108026373626373,0
907,3,0.021484375,0.013671875,8.617831742602804e-10,0.0067016361416361,0
908,4,0.1171875,0.0849253846829183,8.083248355226375e-10,0.0060014652014652,0
909,3,0.748046875,0.677734375,4.898690297056252e-10,0.0057013919413919,0
910,1,0.0,0.0,4.957868044420814e-10,0.0067016361416361,0
911,11,0.052734375,0.0610738158815062,7.572499317705933e-10,0.0136033211233211,0
912,2,0.33984375,0.0,6.874524607125338e-10,0.0066016117216117,0
913,4,0.4388020833333333,0.353126344331266,6.764574770298213e-10,0.0059014407814407,0
914,3,0.4765625,0.34375,9.685480721710112e-10,0.0070017094017094,0
915,6,0.375,0.1960766302287832,1.1489603686847846e-09,0.0059014407814407,0
916,2,1.84765625,0.0,6.26430257479937e-10,0.0089021733821733,0
917,4,0.390625,0.2599540161159117,7.453560064380232e-10,0.0061014896214896,0
918,2,0.3125,0.0,5.741555294797625e-10,0.0047011477411477,0
919,9,0.15283203125,0.1234560023094283,6.548566519734674e-10,0.0096023443223443,0
920,1,0.0,0.0,6.187726089983987e-10,0.0048011721611721,0
921,5,0.123046875,0.0579719612486555,1.0548797187075576e-09,0.0089021733821733,0
922,10,0.1657986111111111,0.109407719422587,1.004582609808113e-09,0.0106025885225885,0
923,3,0.060546875,0.052734375,7.767536960817636e-10,0.0041010012210012,0
924,17,0.1015625,0.1211252479196379,1.237621172421138e-09,0.0472115262515262,0
925,16,0.1216145833333333,0.1725417150899473,1.526194790320248e-09,0.0329080341880341,0
926,18,0.1040900735294117,0.0981279158909867,1.2188803090817743e-09,0.0309075457875457,0
927,6,0.2140625,0.1780564561101337,4.2373978899991933e-10,0.0134032722832722,0
928,0,0.0,0.0,5.796672961522433e-10,0.0045010989010989,0
929,3,0.556640625,0.423828125,4.589366446981488e-10,0.0065015873015873,0
930,6,0.04296875,0.0225075942045123,5.532096187902621e-10,0.0054013186813186,0
931,3,0.115234375,0.013671875,5.116357297904916e-10,0.0114027838827838,0
932,1,0.0,0.0,3.9924164901414207e-10,0.0064015628815628,0
933,5,0.20703125,0.1763445834421205,7.166550980667851e-10,0.0086021001221001,0
934,4,0.3294270833333333,0.4244751725272209,5.875813604808566e-10,0.0060014652014652,0
935,3,0.373046875,0.267578125,4.254407534641623e-10,0.005001221001221,0
936,1,0.0,0.0,3.068813532083335e-10,0.0044010744810744,0
937,3,0.884765625,0.138671875,4.5119700736831e-10,0.0044010744810744,0
938,4,0.3515625,0.3007558836706274,7.950669317899742e-10,0.0075018315018315,0
939,3,0.17578125,0.1484375,9.45878207154821e-10,0.0046011233211233,0
940,6,0.30703125,0.4276271626479952,7.742283671084036e-10,0.0064015628815628,0
941,8,0.1489955357142857,0.091071018250126,9.7034647726612e-10,0.0059014407814407,0
942,1,0.0,0.0,8.713015975278451e-10,0.0218053235653235,0
943,3,0.146484375,0.044921875,8.381938941133651e-10,0.0056013675213675,0
944,28,0.0635127314814814,0.0717020661418408,8.975958178238971e-10,0.0352085958485958,0
945,10,0.2113715277777778,0.255609567435388,5.455490893692015e-10,0.013103199023199,0
946,2,1.1953125,0.0,6.503012250264997e-10,0.008101978021978,0
947,4,0.1744791666666666,0.2005631043107477,4.3375468719018397e-10,0.0057013919413919,0
948,0,0.0,0.0,3.771880738584608e-10,0.0036008791208791,0
949,0,0.0,0.0,3.0172833542796906e-10,0.0046011233211233,0
950,3,0.205078125,0.037109375,4.890209351533183e-10,0.0071017338217338,0
951,10,0.16015625,0.1917823331922228,1.1810919932500171e-09,0.0171041758241758,0
952,31,0.0522135416666666,0.0675038227521561,1.8822576701826355e-09,0.0382093284493284,0
953,58,0.0290570175438596,0.0253472823368016,2.706504952374057e-09,0.0542132356532356,0
954,7,0.2233072916666666,0.2983568474224495,8.387235723445086e-10,0.0115028083028083,0
955,8,0.1434151785714285,0.2215591537843511,7.169096084288962e-10,0.007401807081807,0
956,3,0.9140625,0.67578125,4.6061418427632936e-10,0.0052012698412698,0
957,3,0.12890625,0.12109375,4.76099327387102e-10,0.0069016849816849,0
958,11,0.098828125,0.0080149548940168,1.9150304560789907e-09,0.0111027106227106,0
959,5,0.25,0.1822591116763782,6.001000257310354e-10,0.0076018559218559,0
960,10,0.1744791666666666,0.2003178084753353,1.060071226468891e-09,0.0105025641025641,0
961,9,0.22314453125,0.2147499573322293,1.4138113184129667e-09,0.010002442002442,0
962,25,0.0680338541666666,0.0930687915504775,1.581137319565948e-09,0.0503122832722832,0
963,42,0.0420160060975609,0.0583153988517029,3.289082454014917e-09,0.0715174603174603,0
964,8,0.0323660714285714,0.0298014060777202,5.41187581623708e-10,0.0160039072039072,0
965,0,0.0,0.0,2.695894453277695e-10,0.0052012698412698,0
966,0,0.0,0.0,1.9184266079870478e-10,0.0058014163614163,0
967,0,0.0,0.0,3.484809598491489e-10,0.0071017338217338,0
968,1,0.0,0.0,3.1568617585101096e-10,0.0040009768009768,0
969,0,0.0,0.0,3.613174788598323e-10,0.0055013431013431,0
970,1,0.0,0.0,2.7802648549557887e-10,0.0042010256410256,0
971,1,0.0,0.0,4.650796795542674e-10,0.0039009523809523,0
972,0,0.0,0.0,2.8303315189762075e-10,0.0057013919413919,0
973,1,0.0,0.0,4.4092432885931046e-10,0.0059014407814407,0
974,2,0.67578125,0.0,3.823349686960034e-10,0.0038009279609279,0
975,1,0.0,0.0,5.325485693674795e-10,0.005001221001221,0
976,9,0.19482421875,0.2139401942670485,1.914941154524488e-09,0.0103025152625152,0
977,2,0.0078125,0.0,2.8806230698229322e-09,0.0047011477411477,0
978,8,0.2075892857142857,0.2466240086169137,7.844777028442321e-10,0.0103025152625152,0
979,18,0.0696231617647058,0.0680581637792772,1.64979760802935e-09,0.0184044932844932,0
980,0,0.0,0.0,4.249558686886984e-10,0.0053012942612942,0
981,0,0.0,0.0,4.765108859331041e-10,0.0039009523809523,0
982,3,0.685546875,0.662109375,4.768971711794513e-10,0.0036008791208791,0
983,0,0.0,0.0,1.811290809058666e-10,0.0039009523809523,0
984,1,0.0,0.0,4.736621888235899e-10,0.0037009035409035,0
985,0,0.0,0.0,2.1830642674421286e-10,0.0033008058608058,0
986,2,0.41796875,0.0,3.19490147547897e-10,0.0041010012210012,0
987,0,0.0,0.0,3.2398817292504336e-10,0.0040009768009767,0
988,1,0.0,0.0,4.6509291720057516e-10,0.0037009035409035,0
989,1,0.0,0.0,7.084097670407192e-10,0.0048011721611721,0
990,1,0.0,0.0,6.611926690123234e-10,0.0039009523809523,0
991,0,0.0,0.0,4.30719063286886e-10,0.0037009035409035,0
992,3,0.583984375,0.478515625,1.180442362643885e-09,0.0111027106227106,0
993,3,0.22265625,0.08984375,5.247475296482277e-10,0.0053012942612942,0
994,0,0.0,0.0,2.7054431459193357e-10,0.0039009523809523,0
995,4,0.2734375,0.3563190950904002,8.200696712157906e-10,0.0082020024420024,0
996,1,0.0,0.0,4.0108265031713975e-10,0.0048011721611721,0
997,0,0.0,0.0,3.356695510770602e-10,0.0045010989010989,0
998,0,0.0,0.0,3.003209693914822e-10,0.0041010012210012,0
999,0,0.0,0.0,2.2050889248834528e-10,0.0036008791208791,0
1000,0,0.0,0.0,3.3817001265633355e-10,0.0048011721611721,0
1001,0,0.0,0.0,3.004088546442026e-10,0.0040009768009768,0
1002,1,0.0,0.0,4.8071140407593e-10,0.005001221001221,0
1003,0,0.0,0.0,3.106802199293041e-10,0.0040009768009768,0
1004,0,0.0,0.0,3.438920256013319e-10,0.0040009768009768,0
1005,1,0.0,0.0,4.6032238010259984e-10,0.0046011233211233,0
1006,0,0.0,0.0,3.5370179763637864e-10,0.0047011477411477,0
1007,0,0.0,0.0,2.5055466850338635e-10,0.0036008791208791,0
1008,21,0.06875,0.1634073600913718,1.9483354890005527e-09,0.0257062759462759,0
1009,26,0.05296875,0.0759869951866765,2.415522870198923e-09,0.0197048107448107,0
1010,0,0.0,0.0,4.811372805477659e-10,0.0137033455433455,0
1011,6,0.1796875,0.2227727217297373,1.0379482315608686e-09,0.0122029792429792,0
1012,12,0.1168323863636363,0.0881125598415667,1.3020489222083202e-09,0.0113027594627594,0
1013,10,0.20703125,0.2312288841710741,1.2738598578470943e-09,0.0088021489621489,0
1014,13,0.1598307291666666,0.17701001612981,1.0321770999655615e-09,0.0085020757020757,0
1015,21,0.0294921875,0.0207978009161838,1.111179558903059e-09,0.0189046153846153,0
1016,12,0.1473721590909091,0.2303217878718636,7.661925497448047e-10,0.0101024664224664,0
1017,7,0.18359375,0.2098375061121204,1.0026060861282931e-09,0.0141034432234432,0
1018,7,0.2994791666666667,0.26965073840957,8.418813482000294e-10,0.0092022466422466,0
1019,9,0.21240234375,0.2217114127560073,1.5709628667103483e-09,0.0102024908424908,0
1020,10,0.125,0.1100703344031669,1.2787956602416882e-09,0.0101024664224664,0
1021,5,0.1123046875,0.0517762349289514,6.84068953024997e-10,0.0149036385836385,0
1022,8,0.2243303571428571,0.2298375620447148,9.000135294091336e-10,0.0163039804639804,0
1023,1,0.0,0.0,7.212939988824261e-10,0.0076018559218559,0
1024,4,0.2434895833333333,0.3222649673814839,5.29779458867428e-10,0.0045010989010989,0
1025,4,0.2747395833333333,0.2615599901977025,1.4304473575535846e-09,0.0064015628815628,0
1026,18,0.0785845588235294,0.2040723206032269,1.3006387095916054e-09,0.0437106715506715,0
1027,13,0.1139322916666666,0.2196944903290617,4.307435712478066e-09,0.0220053724053724,0
1028,0,0.0,0.0,7.064071949388456e-10,0.0055013431013431,0
1029,0,0.0,0.0,6.562679780642807e-10,0.009302271062271,0
1030,3,0.02734375,0.0078125,7.457408678118955e-10,0.0055013431013431,0
1031,1,0.0,0.0,3.2012924440952137e-10,0.0054013186813186,0
1032,2,0.359375,0.0,6.342518026516709e-09,0.0153037362637362,0
1033,25,0.0732421875,0.1648096902140284,2.0639050063099966e-09,0.0341083272283272,0
1034,19,0.0716145833333333,0.0745492458765606,1.2406096530424026e-09,0.0175042735042735,0
1035,7,0.1048177083333333,0.114540785779511,7.3303399795158045e-09,0.0195047619047619,0
1036,0,0.0,0.0,1.1603957948509226e-09,0.0246060073260073,0
1037,7,0.1712239583333333,0.1682322404421202,8.756072900546913e-10,0.0084020512820512,0
1038,5,0.369140625,0.3138945932535763,5.819775079862646e-10,0.0053012942612942,0
1039,5,0.3115234375,0.2895421353314992,1.2167286153106323e-09,0.0104025396825396,0
1040,10,0.1315104166666666,0.1007916795852272,3.1485387399535742e-09,0.0097023687423687,0
1041,1,0.0,0.0,7.815438447664294e-10,0.0048011721611721,0
1042,3,0.59375,0.12109375,4.1194985993520783e-10,0.005001221001221,0
1043,5,0.4892578125,0.6880788966784254,9.834765824749799e-10,0.0070017094017094,0
1044,0,0.0,0.0,4.990715250802819e-10,0.0036008791208791,0
1045,6,0.30234375,0.3512724497941377,3.184008400882542e-09,0.0391095482295482,0
1046,14,0.0823317307692307,0.1383739226831963,3.504757616256013e-09,0.0175042735042735,0
1047,0,0.0,0.0,7.135954139216501e-10,0.0130031746031746,0
1048,4,0.55859375,0.3782949858961478,8.320987561143237e-10,0.0120029304029304,0
1049,0,0.0,0.0,4.70858835500834e-10,0.0039009523809523,0
1050,17,0.07373046875,0.0780257548336342,4.262226802257994e-09,0.0346084493284493,0
1051,7,0.1184895833333333,0.1144574948208273,1.0042267284612175e-09,0.0149036385836385,0
1052,4,0.37890625,0.3544729068161157,6.591854712175796e-10,0.0105025641025641,0
1053,13,0.1539713541666666,0.1285947381609039,7.215222337017206e-10,0.0119029059829059,0
1054,8,0.1529017857142857,0.1247805791015507,1.6556328721221116e-09,0.0099024175824175,0
1055,5,0.3974609375,0.3525850472086653,1.5107803574736376e-09,0.0051012454212454,0
1056,1,0.0,0.0,1.7683203760355766e-09,0.0066016117216117,0
1057,6,0.04453125,0.0211947811972664,7.041225935914581e-10,0.0072017582417582,0
1058,4,0.2200520833333333,0.1456122766556694,6.782994421401585e-10,0.0042010256410256,0
1059,0,0.0,0.0,4.0913618077079604e-10,0.0037009035409035,0
1060,1,0.0,0.0,3.6907232745717166e-10,0.0033008058608058,0
1061,1,0.0,0.0,3.5606237670254376e-10,0.0027006593406593,0
1062,0,0.0,0.0,3.5977426199495795e-10,0.0041010012210012,0
1063,0,0.0,0.0,2.3402903334794357e-10,0.0029007081807081,0
1064,0,0.0,0.0,2.5160981100198125e-10,0.0028006837606837,0
1065,0,0.0,0.0,3.6607226192991985e-10,0.0039009523809523,0
1066,2,0.265625,0.0,7.32831904266199e-10,0.0044010744810744,0
1067,2,0.01171875,0.0,4.087580538187223e-10,0.0045010989010989,0
1068,0,0.0,0.0,3.3456933093065184e-10,0.0044010744810744,0
1069,3,0.736328125,0.130859375,4.1908301727440925e-10,0.0046011233211233,0
1070,2,1.76171875,0.0,3.727316756406156e-10,0.0049011965811965,0
1071,4,0.32421875,0.1190391900847853,6.601792398624472e-10,0.0051012454212454,0
1072,17,0.110595703125,0.1633734994599036,3.277067965993103e-09,0.0214052258852258,0
1073,7,0.0384114583333333,0.0302086139534379,3.306769838660864e-09,0.0135032967032967,0
1074,2,0.328125,0.0,1.034743359012189e-09,0.012403028083028,0
1075,3,0.328125,0.31640625,7.138321197630376e-10,0.0105025641025641,0
1076,10,0.1779513888888889,0.1112822168854754,1.457952457637668e-09,0.0096023443223443,0
1077,9,0.2333984375,0.2559842103618694,8.949454961416957e-10,0.0091022222222222,0
1078,5,0.427734375,0.2601178298394607,6.594398790841671e-10,0.008101978021978,0
1079,2,0.83203125,0.0,8.007674096101293e-10,0.0077018803418803,0
1080,2,1.375,0.0,7.800107074045373e-10,0.0095023199023199,0
1081,10,0.1189236111111111,0.0722183617758314,1.0233207482806842e-09,0.0070017094017094,0
1082,10,0.1948784722222222,0.1598695821586321,1.1062324027997675e-09,0.0073017826617826,0
1083,5,0.396484375,0.30168669519975,1.291921207311546e-09,0.0085020757020757,0
1084,7,0.197265625,0.1604695550835857,2.619336245860112e-09,0.0057013919413919,0
1085,0,0.0,0.0,1.0129226263154834e-09,0.0085020757020757,0
1086,0,0.0,0.0,5.31035052327692e-10,0.0046011233211233,0
1087,5,0.2763671875,0.3076574874395822,9.451119086893467e-10,0.0103025152625152,0
1088,3,0.1484375,0.06640625,6.051936322140075e-10,0.0059014407814407,0
1089,1,0.0,0.0,4.21065548589587e-10,0.0036008791208791,0
1090,1,0.0,0.0,3.2776556916323403e-10,0.0035008547008547,0
1091,1,0.0,0.0,3.5783475783475776e-10,0.0039009523809523,0
1092,3,0.5703125,0.5390625,4.751655902540174e-10,0.0038009279609279,0
1093,1,0.0,0.0,5.039123822605963e-10,0.0042010256410256,0
1094,0,0.0,0.0,6.32278537339492e-10,0.0041010012210012,0
1095,0,0.0,0.0,3.9659609570323854e-10,0.0037009035409035,0
1096,1,0.0,0.0,6.855325308679244e-10,0.0044010744810744,0
1097,0,0.0,0.0,2.893011765507758e-10,0.0035008547008547,0
1098,0,0.0,0.0,3.188482838894926e-10,0.0030007326007326,0
1099,0,0.0,0.0,2.6607596574543686e-10,0.0038009279609279,0
1100,0,0.0,0.0,2.957188079798541e-10,0.0035008547008547,0
1101,0,0.0,0.0,2.748167327623028e-10,0.0041010012210012,0
1102,2,0.46484375,0.0,5.51688170576964e-10,0.00430105006105,0
1103,6,0.37109375,0.453212545422261,6.640530587645973e-10,0.0061014896214896,0
1104,1,0.0,0.0,2.685656425826412e-10,0.0029007081807081,0
1105,7,0.3138020833333333,0.5366305472972395,1.0556864324392366e-09,0.0344084004884004,0
1106,2,1.54296875,0.0,4.3060778576031545e-10,0.009302271062271,0
1107,1,0.0,0.0,1.018534865972194e-09,0.0149036385836385,0
1108,17,0.096435546875,0.1681373991524309,1.4556255920281214e-09,0.032407912087912,0
1109,13,0.1383463541666666,0.3096199410359392,7.121170077135336e-09,0.0266064957264957,0
1110,12,0.0269886363636363,0.0181281946279832,4.8981786073718875e-09,0.0175042735042735,0
1111,1,0.0,0.0,5.493376919787748e-10,0.0110026862026862,0
1112,20,0.0550986842105263,0.0554153679037993,9.632129378981482e-10,0.0248060561660561,0
1113,0,0.0,0.0,1.121192481725048e-09,0.006201514041514,0
1114,0,0.0,0.0,3.5240662692728847e-10,0.005001221001221,0
1115,3,0.1796875,0.09765625,1.0875921131930746e-09,0.0067016361416361,0
1116,1,0.0,0.0,6.494678781823926e-10,0.0071017338217338,0
1117,53,0.0260667067307692,0.0239541556122415,7.1219722426281485e-09,0.1125274725274725,0
1118,9,0.24462890625,0.2524593501843087,1.4895279292615027e-09,0.0349085225885225,0
1119,9,0.205078125,0.1953125,1.552729231588263e-09,0.0159038827838827,0
1120,11,0.1703125,0.0831067884185762,2.347771465451181e-09,0.0127031013431013,0
1121,13,0.1396484375,0.0812701078133337,2.678187573517244e-09,0.0094022954822954,0
1122,10,0.1657986111111111,0.0897042075890651,2.00486160495318e-09,0.0068016605616605,0
1123,12,0.1779119318181818,0.1622888744413271,2.0548719331242794e-09,0.0079019291819291,0
1124,9,0.1650390625,0.1170205516534482,1.640704242434153e-09,0.007401807081807,0
1125,12,0.1743607954545454,0.1146538696695018,2.664956691331748e-09,0.0101024664224664,0
1126,11,0.184765625,0.1264448961705379,2.769620902135783e-09,0.0109026617826617,0
1127,10,0.1922743055555555,0.1266409460058117,2.312625918080359e-09,0.0076018559218559,0
1128,9,0.23583984375,0.1607973247533277,1.634010325585417e-09,0.0086021001221001,0
1129,12,0.1665482954545454,0.0734441623714309,1.851568852393028e-09,0.0070017094017094,0
1130,10,0.1944444444444444,0.1816840485148897,1.7502008533730714e-09,0.0078019047619047,0
1131,13,0.15625,0.1054446345886867,2.7552990535190624e-09,0.0082020024420024,0
1132,12,0.1661931818181818,0.100923520367928,2.411926667411157e-09,0.0098023931623931,0
1133,11,0.189453125,0.1253565471605517,2.073505130739563e-09,0.0071017338217338,0
1134,10,0.2048611111111111,0.1521835329958037,1.7670493331221923e-09,0.008101978021978,0
1135,10,0.2044270833333333,0.1094059975916666,1.4283161023216541e-09,0.0069016849816849,0
1136,13,0.1370442708333333,0.0554370676219946,2.388219504017638e-09,0.0108026373626373,0
1137,13,0.1536458333333333,0.0852889431889921,3.3302053044741343e-09,0.0142034676434676,0
1138,11,0.152734375,0.1010269836034691,2.4945495204094674e-09,0.0095023199023199,0
1139,11,0.1953125,0.1232172679342773,1.7379060400938263e-09,0.0072017582417582,0
1140,11,0.1859375,0.1514920100254878,1.7411516633486067e-09,0.0094022954822954,0
1141,8,0.1958705357142857,0.1268939348869635,1.7232658729925781e-09,0.009302271062271,0
1142,12,0.1768465909090909,0.0873001933949014,1.7952524300523955e-09,0.0080019536019536,0
1143,14,0.1234975961538461,0.044525937539965,2.3789032158995528e-09,0.0078019047619047,0
1144,13,0.158203125,0.1613388439740095,1.951712607023962e-09,0.0103025152625152,0
1145,5,0.1298828125,0.0514065319853588,1.2284950134995923e-09,0.0065015873015873,0
1146,13,0.1412760416666666,0.08084197008064,3.403629608757814e-09,0.0107026129426129,0
1147,9,0.18798828125,0.1304423962319813,1.897468015805928e-09,0.0086021001221001,0
1148,12,0.1438210227272727,0.0702496993418392,3.252948942972981e-09,0.0095023199023199,0
1149,14,0.1442307692307692,0.0533503584614571,2.911839602704987e-09,0.008101978021978,0
1150,11,0.169921875,0.0880987120033013,1.924579374676673e-09,0.009302271062271,0
1151,10,0.2065972222222222,0.1430923167775131,1.535903210588421e-09,0.0079019291819291,0
1152,11,0.18359375,0.1138053608414384,2.591589364076772e-09,0.0077018803418803,0
1153,11,0.186328125,0.1699110987962252,2.366894532851492e-09,0.0082020024420024,0
1154,13,0.1555989583333333,0.0931490249991374,2.683289613751209e-09,0.0092022466422466,0
1155,12,0.1683238636363636,0.1162659616613487,2.9379803289659054e-09,0.0104025396825396,0
1156,11,0.18671875,0.1175878577782374,2.243188226110902e-09,0.0085020757020757,0
1157,9,0.19775390625,0.0927258821372956,1.8993274709620863e-09,0.0086021001221001,0
1158,12,0.1608664772727272,0.1168890396973505,2.7861753664867222e-09,0.0090021978021978,0
1159,12,0.1676136363636363,0.1413280891299311,2.6511890639652203e-09,0.0088021489621489,0
1160,11,0.18828125,0.1052051103054172,2.062359902013347e-09,0.007401807081807,0
1161,10,0.1901041666666666,0.1118276591332494,3.167295819133044e-09,0.0103025152625152,0
1162,8,0.2511160714285714,0.1748638546578918,1.8139419809878255e-09,0.0071017338217338,0
1163,8,0.2237723214285714,0.1558129250415791,2.4110377406222183e-09,0.0129031501831501,0
1164,12,0.1736505681818181,0.116217143006152,2.2573226529270483e-09,0.0091022222222222,0
1165,8,0.1986607142857142,0.196718472659917,1.6667750457828866e-09,0.0086021001221001,0
1166,7,0.2766927083333333,0.1221479787649507,1.1619853787107103e-09,0.008101978021978,0
1167,11,0.147265625,0.0825883242282353,2.134561177877627e-09,0.010002442002442,0
1168,11,0.185546875,0.1000373770479845,2.042199353956737e-09,0.0067016361416361,0
1169,11,0.17421875,0.0794650694684463,2.9743607208594042e-09,0.0104025396825396,0
1170,8,0.23828125,0.1589334306540454,2.2251674538089944e-09,0.0094022954822954,0
1171,15,0.1350446428571428,0.0633266049043507,2.6280737079786988e-09,0.0103025152625152,0
1172,12,0.1654829545454545,0.110451187899072,2.483364678328048e-09,0.0087021245421245,0
1173,8,0.2282366071428571,0.2009873909521377,2.163939059865399e-09,0.0084020512820512,0
1174,10,0.1822916666666666,0.1225896072493731,2.5045019365131543e-09,0.0092022466422466,0
1175,11,0.140234375,0.0430910900420913,2.359493493560858e-09,0.0084020512820512,0
1176,14,0.15234375,0.0957567672467992,2.2411259556076973e-09,0.0082020024420024,0
1177,21,0.0869140625,0.0833769366312514,2.03185782116786e-09,0.0419102319902319,0
1178,63,0.0306199596774193,0.032630736576958,6.671785293122289e-09,0.0690168498168498,0
1179,8,0.2717633928571428,0.1412569064931527,2.3484450404093253e-09,0.021205177045177,0
1180,3,0.26953125,0.15625,2.7026516471356783e-09,0.013103199023199,0
1181,6,0.2265625,0.1899096464851772,1.3098883371834376e-09,0.0060014652014652,0
1182,0,0.0,0.0,4.1449342554110174e-10,0.0040009768009768,0
1183,2,1.02734375,0.0,4.3208810356818597e-10,0.0039009523809523,0
1184,3,0.4140625,0.1015625,7.393358573088997e-10,0.0057013919413919,0
1185,4,0.3346354166666667,0.2435348387088191,9.42202790468587e-10,0.0051012454212454,0
1186,8,0.1657366071428571,0.1640074464238186,1.6683210166326003e-09,0.0088021489621489,0
1187,11,0.170703125,0.1515408529966527,1.91363607669125e-09,0.007401807081807,0
1188,10,0.2057291666666666,0.1559567560756025,2.166618920058709e-09,0.0090021978021978,0
1189,6,0.3546875,0.2073243797470524,1.5984900638975727e-09,0.0070017094017094,0
1190,8,0.1255580357142857,0.0305750614549167,2.0660374181107353e-09,0.0078019047619047,0
1191,10,0.1944444444444444,0.1375381913325843,2.2826407617616407e-09,0.0082020024420024,0
1192,15,0.1177455357142857,0.0726433051612993,1.7861442358008286e-09,0.010002442002442,0
1193,9,0.19873046875,0.2055930802171578,2.1050542447076893e-09,0.0090021978021978,0
1194,11,0.174609375,0.1642860270432048,2.309982634812362e-09,0.0109026617826617,0
1195,10,0.1814236111111111,0.103417080175517,2.508812853399907e-09,0.0091022222222222,0
1196,11,0.18828125,0.1541143105072497,2.366580644968923e-09,0.0105025641025641,0
1197,10,0.1753472222222222,0.1010511372757105,2.6869166787564793e-09,0.0088021489621489,0
1198,7,0.2975260416666667,0.1185128325405291,1.8873514164322313e-09,0.0088021489621489,0
1199,10,0.2122395833333333,0.0865273319053966,1.7338929868462831e-09,0.0086021001221001,0
1200,6,0.34765625,0.2974193200737386,1.4884089390399484e-09,0.0072017582417582,0
1201,7,0.3092447916666667,0.2364643919584501,1.883392387061114e-09,0.0089021733821733,0
1202,8,0.1925223214285714,0.1447304112492253,2.1565463867718902e-09,0.0071017338217338,0
1203,11,0.183203125,0.1107399484451777,2.7165054499432355e-09,0.0080019536019536,0
1204,13,0.1442057291666666,0.0696850317882376,1.7429378627409762e-09,0.0072017582417582,0
1205,16,0.12421875,0.0379851430660725,3.5035357508113914e-09,0.0090021978021978,0
1206,21,0.091015625,0.1055996005426423,2.337303441538789e-09,0.0240058608058608,0
1207,10,0.1966145833333333,0.0907169971268247,2.025809453157495e-09,0.0090021978021978,0
1208,7,0.2838541666666667,0.1348206535195976,2.0275899122181744e-09,0.0079019291819291,0
1209,11,0.165234375,0.0820693735816115,2.3588177685261587e-09,0.0084020512820512,0
1210,13,0.1477864583333333,0.1037405836538025,3.262455216444456e-09,0.0123030036630036,0
1211,11,0.16328125,0.0924354451681685,2.568477145268583e-09,0.0079019291819291,0
1212,9,0.22900390625,0.2117401675268807,2.389263057533719e-09,0.0092022466422466,0
1213,14,0.1310096153846154,0.056971027060878,2.583977484505472e-09,0.0085020757020757,0
1214,11,0.184765625,0.1014129006389997,2.4694247187150116e-09,0.0078019047619047,0
1215,13,0.1455078125,0.0680167193334603,2.8342562210822862e-09,0.010002442002442,0
1216,10,0.2039930555555555,0.0987658795005178,1.7381845023786415e-09,0.0072017582417582,0
1217,14,0.1472355769230769,0.0581288571603064,2.2534888637681676e-09,0.007401807081807,0
1218,5,0.3828125,0.168490287704607,1.435037582313223e-09,0.0071017338217338,0
1219,9,0.16796875,0.1077940994261455,2.2008876089061526e-09,0.007401807081807,0
1220,5,0.3798828125,0.2538517820183398,9.623330295505772e-10,0.0058014163614163,0
1221,9,0.19287109375,0.1616727164535915,1.3851888913301456e-09,0.0071017338217338,0
1222,8,0.2611607142857143,0.1963080494706974,1.5954942076751255e-09,0.0072017582417582,0
1223,9,0.193359375,0.1543957357341537,1.2014069001477422e-09,0.0061014896214896,0
1224,6,0.2984375,0.1922827507864395,1.033629526179034e-09,0.0059014407814407,0
1225,9,0.21728515625,0.2192980848278326,1.4549141752567231e-09,0.0076018559218559,0
1226,5,0.33203125,0.1848981257193573,1.2522365961711772e-09,0.0066016117216117,0
1227,3,0.611328125,0.513671875,7.97105915426657e-10,0.0066016117216117,0
1228,7,0.26171875,0.170582855944516,1.1280667941897335e-09,0.0067016361416361,0
1229,8,0.2087053571428571,0.0897796049852137,1.2706757115239255e-09,0.0070017094017094,0
1230,9,0.24169921875,0.1411453791349453,1.8227323517616553e-09,0.008101978021978,0
1231,4,0.23828125,0.011499688628031,9.368459457802403e-10,0.0066016117216117,0
1232,8,0.2449776785714285,0.1579664963933194,1.668280933312126e-09,0.0075018315018315,0
1233,11,0.19375,0.0684028879370235,1.7888586661036863e-09,0.007401807081807,0
1234,7,0.2858072916666667,0.1287368020347471,1.6784446084139876e-09,0.009302271062271,0
1235,12,0.1725852272727272,0.0928253731993975,2.073568938861979e-09,0.0094022954822954,0
1236,10,0.1809895833333333,0.111948881563566,2.0752348079271154e-09,0.0096023443223443,0
1237,11,0.187109375,0.1171021824842651,2.188521232203981e-09,0.0076018559218559,0
1238,8,0.2684151785714285,0.2499800693586002,1.3268740881392554e-09,0.0072017582417582,0
1239,11,0.175390625,0.0927592505600014,1.6799061066460331e-09,0.0071017338217338,0
1240,11,0.158203125,0.1020159648294232,2.1295127381436903e-09,0.0072017582417582,0
1241,7,0.2623697916666667,0.2956424580912875,1.171038827540659e-09,0.0064015628815628,0
1242,9,0.21630859375,0.1482952842060361,1.5865211997781251e-09,0.0076018559218559,0
1243,7,0.232421875,0.2247678335976531,1.4447566271742095e-09,0.0065015873015873,0
1244,12,0.1672585227272727,0.0929448466128174,2.110006683989342e-09,0.0088021489621489,0
1245,7,0.2897135416666667,0.2253177988690555,1.260896680575309e-09,0.008101978021978,0
1246,5,0.318359375,0.1383965135785693,9.70779287909553e-10,0.0066016117216117,0
1247,11,0.165625,0.1757482607933148,1.1012382554106451e-09,0.0052012698412698,0
1248,9,0.228515625,0.2368601964990042,1.6127865215777302e-09,0.0080019536019536,0
1249,2,1.66796875,0.0,1.028276679398474e-09,0.0061014896214896,0
1250,9,0.18798828125,0.1269897408133845,2.405849326362146e-09,0.0104025396825396,0
1251,12,0.1619318181818181,0.1255466080166179,1.7663890878233824e-09,0.009302271062271,0
1252,6,0.365625,0.3274975399478215,1.4889954749158043e-09,0.0084020512820512,0
1253,8,0.2131696428571428,0.196545850743574,1.525035062786894e-09,0.0085020757020757,0
1254,13,0.1507161458333333,0.0693924603336776,1.9932111437605944e-09,0.0077018803418803,0
1255,7,0.2623697916666667,0.1935784568353045,1.7126784907133463e-09,0.0073017826617826,0
1256,10,0.1922743055555555,0.1233998296754394,2.406320449366466e-09,0.0079019291819291,0
1257,6,0.30390625,0.1689090685472511,1.3237229191684891e-09,0.0061014896214896,0
1258,10,0.1809895833333333,0.0723096009214313,1.877152070558664e-09,0.0063015384615384,0
1259,2,0.10546875,0.0,5.729911290823035e-10,0.0048011721611721,0
1260,8,0.2276785714285714,0.1188445766639078,9.137261626859268e-10,0.0047011477411477,0
1261,7,0.25390625,0.1449529321506208,1.2863233304224603e-09,0.0083020268620268,0
1262,9,0.20166015625,0.1778409868695002,1.4525013421089996e-09,0.007401807081807,0
1263,11,0.150390625,0.1674979776288825,1.5921351434229182e-09,0.0089021733821733,0
1264,4,0.109375,0.0438475475012571,9.181835049108399e-10,0.0058014163614163,0
1265,4,0.3294270833333333,0.2718580374657373,9.598025391122918e-10,0.008101978021978,0
1266,0,0.0,0.0,2.2773040562789868e-10,0.0030007326007326,0
1267,1,0.0,0.0,4.3003516190472454e-10,0.0045010989010989,0
1268,0,0.0,0.0,3.02342227708528e-10,0.0037009035409035,0
1269,0,0.0,0.0,4.1798166327126936e-10,0.0037009035409035,0
1270,1,0.0,0.0,3.2618443768998935e-10,0.003100757020757,0
1271,1,0.0,0.0,5.927735717341944e-10,0.0047011477411477,0
1272,4,0.1432291666666666,0.016053161466065,7.954651135054063e-10,0.0053012942612942,0
1273,0,0.0,0.0,4.2937703348789647e-10,0.0035008547008547,0
1274,3,0.498046875,0.205078125,4.724498647804507e-10,0.0033008058608058,0
1275,12,0.12890625,0.0956831930774678,2.7465901765867423e-09,0.0268065445665445,0
1276,47,0.0412703804347826,0.0406818896284469,2.091586384718252e-09,0.0546133333333333,0
1277,59,0.0330684267241379,0.0376021160185319,5.813527471036629e-09,0.0778189987789987,0
1278,57,0.0337611607142857,0.0291516917111807,5.3906359478031306e-09,0.0779190231990231,0
1279,10,0.2178819444444444,0.3182296875942878,1.575955905284259e-09,0.012403028083028,0
1280,12,0.1448863636363636,0.2124737209154925,1.9805815236118e-09,0.013103199023199,0
1281,40,0.0448717948717948,0.0517154863284247,4.048859408846817e-09,0.0429104761904761,0
1282,49,0.0389811197916666,0.0322264597470478,6.664439753410679e-09,0.0526128449328449,0
1283,75,0.0256017736486486,0.0219392108153326,6.5275454524553075e-09,0.0704171916971917,0
1284,63,0.0319430443548387,0.0251253413630527,4.788730658512309e-09,0.0765186813186813,0
1285,44,0.044422238372093,0.0466094651410873,2.119508158806751e-09,0.0446108913308913,0
1286,64,0.0313740079365079,0.0236429513454087,6.847563224247347e-09,0.0569138949938949,0
1287,75,0.0264463682432432,0.0242210256778875,7.984389535146461e-09,0.096923663003663,0
1288,73,0.0271267361111111,0.0202440345139215,7.3101118443967e-09,0.0802195848595848,0
1289,66,0.03046875,0.0267158328929393,6.4467070698197635e-09,0.0652159218559218,0
1290,24,0.0765964673913043,0.0612209814473934,3.4434818227915754e-09,0.0506123565323565,0
1291,14,0.1454326923076923,0.1573813745721603,3.2804433549869103e-09,0.0130031746031746,0
1292,26,0.07625,0.0668242359898338,4.071812088713416e-09,0.0624152380952381,0
1293,65,0.02947998046875,0.0299163804350489,6.428291762546569e-09,0.0887216605616605,0
1294,9,0.16943359375,0.1422424545566333,8.185067216331523e-10,0.0184044932844932,0
1295,12,0.1399147727272727,0.2771301903739643,5.744162082088478e-10,0.0215052503052503,0
1296,8,0.2438616071428571,0.4088273387738279,1.0343553045533355e-09,0.0080019536019536,0
1297,8,0.1646205357142857,0.1482968755207672,1.0752812104460454e-09,0.010002442002442,0
1298,12,0.1768465909090909,0.1697153420018982,2.5625351367467326e-09,0.0132032234432234,0
1299,14,0.1174879807692307,0.0682018538557435,2.406878595146967e-09,0.0135032967032967,0
1300,16,0.1276041666666666,0.1468366712695227,2.5478626422078804e-09,0.0140034188034188,0
1301,10,0.1710069444444444,0.1628882599766878,1.984928885227935e-09,0.0096023443223443,0
1302,15,0.1311383928571428,0.1039879751874119,2.6717271106064603e-09,0.0099024175824175,0
1303,8,0.2790178571428571,0.2210286409413728,1.831348702607001e-09,0.0115028083028083,0
1304,10,0.0950520833333333,0.0285865864584637,1.692603615520282e-09,0.0118028815628815,0
1305,14,0.1207932692307692,0.0686820430507817,1.7816158711662944e-09,0.0096023443223443,0
1306,7,0.3170572916666667,0.2007373780024546,1.6387019271534495e-09,0.0102024908424908,0
1307,11,0.16484375,0.1855842889910471,1.565089763716137e-09,0.009302271062271,0
1308,13,0.1555989583333333,0.1137051306833011,1.6129310024127442e-09,0.0128031257631257,0
1309,11,0.091015625,0.0809838263294167,1.1852925766172675e-09,0.0128031257631257,0
1310,4,0.34375,0.2091455521381381,8.700361784739645e-10,0.0116028327228327,0
1311,10,0.1545138888888889,0.1379976286398565,9.268320026619018e-10,0.0077018803418803,0
1312,7,0.1647135416666666,0.113223240055912,1.1767883879047452e-09,0.0075018315018315,0
1313,2,0.09765625,0.0,5.869803104235339e-10,0.006201514041514,0
1314,5,0.2216796875,0.2211671525403195,5.788006871812388e-10,0.0054013186813186,0
1315,2,0.90625,0.0,5.45658610495206e-10,0.0061014896214896,0
1316,1,0.0,0.0,4.33306013035008e-10,0.0078019047619047,0
1317,1,0.0,0.0,4.225779003251529e-10,0.0064015628815628,0
1318,2,0.0078125,0.0,6.001219114371585e-10,0.0078019047619047,0
1319,8,0.1975446428571428,0.2581577195500171,6.062629511247298e-10,0.0067016361416361,0
1320,0,0.0,0.0,3.7403479907057054e-10,0.0076018559218559,0
1321,1,0.0,0.0,4.0449570932772624e-10,0.0085020757020757,0
1322,3,0.4609375,0.44921875,5.446932191337525e-10,0.008101978021978,0
1323,6,0.28046875,0.3434782306375107,6.283394759599543e-10,0.0068016605616605,0
1324,2,0.0078125,0.0,4.154666997401086e-10,0.0063015384615384,0
1325,1,0.0,0.0,4.4795255349427723e-10,0.0076018559218559,0
1326,0,0.0,0.0,3.114540588041045e-10,0.0054013186813186,0
1327,5,0.22265625,0.3169964595560867,1.1592256943046774e-09,0.0099024175824175,0
1328,0,0.0,0.0,2.743917956386477e-10,0.0082020024420024,0
1329,7,0.1842447916666666,0.1761630209957891,7.217317386287739e-10,0.0064015628815628,0
1330,10,0.1106770833333333,0.0831092364439216,1.7179620511022181e-09,0.0133032478632478,0
1331,2,0.0234375,0.0,4.31427507688096e-10,0.0068016605616605,0
1332,11,0.07421875,0.0446407644598801,1.2080478646641648e-09,0.0111027106227106,0
1333,14,0.1048677884615384,0.0972388453857822,1.979950151767917e-09,0.0335081807081807,0
1334,30,0.060614224137931,0.0732850229599374,2.426934870896638e-09,0.0497121367521367,0
1335,23,0.0324928977272727,0.0275304695157824,2.0676960944360207e-09,0.0795194139194139,0
1336,9,0.08740234375,0.0777563936113071,4.0769467207768485e-10,0.0192046886446886,0
1337,17,0.071044921875,0.0821963873289775,6.065122854628921e-10,0.0206050305250305,0
1338,5,0.1953125,0.2981699758068479,6.714709341097275e-10,0.0102024908424908,0
1339,1,0.0,0.0,4.836944524344364e-10,0.0076018559218559,0
1340,2,0.0234375,0.0,4.379589353547687e-10,0.006201514041514,0
1341,24,0.0805027173913043,0.0871314900705207,3.049718544962363e-09,0.0766187057387057,0
1342,37,0.0547960069444444,0.0681543683854457,3.2050959656271007e-09,0.0472115262515262,0
1343,16,0.1234375,0.0898131741449994,1.750075086706554e-09,0.0185045177045177,0
1344,8,0.2667410714285714,0.2300921397558453,1.3990491577616691e-09,0.0077018803418803,0
1345,5,0.40234375,0.2943457224028829,1.330093272790159e-09,0.0072017582417582,0
1346,4,0.2864583333333333,0.3342729676232892,5.686871492789531e-10,0.0055013431013431,0
1347,5,0.447265625,0.425086338024866,8.071651493369097e-10,0.0067016361416361,0
1348,5,0.111328125,0.0346645299790993,1.033662776658713e-09,0.0054013186813186,0
1349,5,0.3935546875,0.3168565348224145,9.32934048043938e-10,0.0061014896214896,0
1350,8,0.2628348214285714,0.1764646226134856,1.463837249198112e-09,0.0067016361416361,0
1351,4,0.3541666666666667,0.329861682199798,1.975520453051646e-09,0.0090021978021978,0
1352,11,0.165625,0.0852457958090896,2.629070933518048e-09,0.0088021489621489,0
1353,9,0.2060546875,0.1112724298732724,2.228914881753709e-09,0.0069016849816849,0
1354,6,0.33359375,0.2437149413890129,1.4297508439807546e-09,0.0103025152625152,0
1355,13,0.154296875,0.0746713856613665,2.204221119160736e-09,0.0092022466422466,0
1356,11,0.1859375,0.1370665219713132,2.1466170135254954e-09,0.0122029792429792,0
1357,10,0.1740451388888889,0.1377147637107377,2.093454447168961e-09,0.0096023443223443,0
1358,9,0.2001953125,0.1280265616037321,2.005766173956707e-09,0.0084020512820512,0
1359,12,0.1413352272727272,0.0783345588206773,1.7101826297854224e-09,0.0087021245421245,0
1360,7,0.32421875,0.2423554525167184,1.646362764061081e-09,0.0072017582417582,0
1361,7,0.2180989583333333,0.1894620738149973,1.62955298103106e-09,0.0078019047619047,0
1362,10,0.1922743055555555,0.1874799050445798,1.9565977952653776e-09,0.0075018315018315,0
1363,11,0.149609375,0.066865370583009,1.8044955072484833e-09,0.009302271062271,0
1364,10,0.2200520833333333,0.1836722276126158,1.7496358403924795e-09,0.0078019047619047,0
1365,14,0.1409254807692307,0.1090683107737223,1.878542187064393e-09,0.0105025641025641,0
1366,13,0.15234375,0.1191139399760354,2.2437941010285327e-09,0.0185045177045177,0
1367,14,0.1490384615384615,0.1344012559064076,2.718239413307236e-09,0.0153037362637362,0
1368,13,0.1546223958333333,0.072545879945,2.2039480291555037e-09,0.0090021978021978,0
1369,15,0.1294642857142857,0.0800251232324807,3.1816769445217813e-09,0.0115028083028083,0
1370,13,0.1526692708333333,0.0795996620243465,3.1526288960412126e-09,0.0127031013431013,0
1371,5,0.4853515625,0.3736994762144432,7.009579365591841e-10,0.012403028083028,0
1372,11,0.182421875,0.2818410131429653,1.1971380058433627e-09,0.0107026129426129,0
1373,3,0.01171875,0.00390625,4.296096098079271e-10,0.0083020268620268,0
1374,8,0.2572544642857143,0.2226849191621598,1.575626466035406e-09,0.0090021978021978,0
1375,12,0.1512784090909091,0.0912317272864116,1.7766025361492391e-09,0.009302271062271,0
1376,12,0.1594460227272727,0.0759428590642074,2.305738570048609e-09,0.0116028327228327,0
1377,2,0.03125,0.0,4.5049271461817246e-10,0.0063015384615384,0
1378,10,0.2013888888888889,0.2565012365578573,2.113488671822005e-09,0.0179043711843711,0
1379,33,0.0443115234375,0.0513286431459143,3.4973950803406503e-09,0.0675164835164835,0
1380,27,0.0724158653846153,0.0585960613449447,1.5529312921955432e-09,0.0268065445665445,0
1381,9,0.1904296875,0.1677500165549894,1.1948019668844415e-09,0.0101024664224664,0
1382,17,0.11767578125,0.0621461387607163,2.71184294720381e-09,0.0115028083028083,0
1383,11,0.146875,0.0660883936954893,1.923018815103293e-09,0.007401807081807,0
1384,14,0.1469350961538461,0.0970538930299779,2.775668284209092e-09,0.008101978021978,0
1385,15,0.1300223214285714,0.0483047524693878,3.219996839410758e-09,0.0094022954822954,0
1386,14,0.1487379807692307,0.0592305448453541,2.565953488253453e-09,0.0089021733821733,0
1387,9,0.16162109375,0.1414760691217962,1.7221827311628132e-09,0.0079019291819291,0
1388,10,0.20703125,0.1550846298138983,1.7577649205296294e-09,0.0079019291819291,0
1389,10,0.1974826388888889,0.1256103684050356,1.8534071655179714e-09,0.0085020757020757,0
1390,10,0.1953125,0.1327358847643193,2.1182424602196236e-09,0.0076018559218559,0
1391,8,0.1847098214285714,0.0775288157731777,1.8497329752838566e-09,0.010002442002442,0
1392,8,0.234375,0.1802446718798407,1.2788006452512514e-09,0.0060014652014652,0
1393,10,0.1805555555555555,0.0845808673924429,2.1866050277222438e-09,0.0082020024420024,0
1394,12,0.1633522727272727,0.0928851291151807,2.2525196329011e-09,0.0086021001221001,0
1395,6,0.19765625,0.084671066209922,1.3952471521152835e-09,0.0068016605616605,0
1396,11,0.174609375,0.1226966742701411,2.229123072874504e-09,0.0082020024420024,0
1397,12,0.1754261363636363,0.1079124843300202,1.9815141909478563e-09,0.0078019047619047,0
1398,11,0.176953125,0.0758868867465132,1.7983726599340151e-09,0.0073017826617826,0
1399,12,0.1576704545454545,0.0835687344299601,2.449137904908566e-09,0.0151036874236874,0
1400,10,0.2135416666666666,0.2205869055481434,2.127202232217399e-09,0.0103025152625152,0
1401,9,0.2314453125,0.1402277102786053,1.9917437060294203e-09,0.0077018803418803,0
1402,13,0.1520182291666666,0.0732609929561526,2.059601439982908e-09,0.0113027594627594,0
1403,11,0.187890625,0.1224402207855557,1.982949445084575e-09,0.0087021245421245,0
1404,16,0.1260416666666666,0.1048978245838804,3.3625383333258782e-09,0.0484118192918192,0
1405,48,0.0369015957446808,0.0298450870528182,6.526814021685816e-09,0.0722176312576312,0
1406,13,0.150390625,0.1120226871582316,2.1933904154199483e-09,0.011202735042735,0
1407,10,0.1796875,0.0983568618126107,2.49118169919595e-09,0.0118028815628815,0
1408,15,0.1294642857142857,0.0404835584757055,2.842058253144562e-09,0.0105025641025641,0
1409,10,0.1440972222222222,0.0654274381465669,2.619219391645273e-09,0.0099024175824175,0
1410,12,0.1690340909090909,0.120560948796622,1.949317136967377e-09,0.0092022466422466,0
1411,13,0.1376953125,0.0494909439793792,2.4370801573697637e-09,0.0092022466422466,0
1412,9,0.2177734375,0.1461813271512981,2.267151489129511e-09,0.0109026617826617,0
1413,11,0.183203125,0.1045598860720048,2.056176757048151e-09,0.0099024175824175,0
1414,8,0.1863839285714285,0.135970758158872,1.245276143789479e-09,0.0069016849816849,0
1415,2,0.10546875,0.0,5.646649104524562e-10,0.0083020268620268,0
1416,15,0.1344866071428571,0.0950742856839321,2.004777574929818e-09,0.0105025641025641,0
1417,8,0.0797991071428571,0.0471003300134133,2.296636995493737e-09,0.0251061294261294,0
1418,53,0.0320763221153846,0.0526555040225711,2.025683030170209e-09,0.0433105738705738,0
1419,2,0.5,0.0,1.076265316558357e-09,0.0101024664224664,0
1420,6,0.165625,0.2119852451012216,1.179706421488988e-09,0.008101978021978,0
1421,5,0.3642578125,0.3027201987608243,1.1914594673065366e-09,0.0103025152625152,0
1422,6,0.2640625,0.3090986771040924,5.42192130934118e-10,0.0071017338217338,0
1423,6,0.2625,0.2665814581476458,1.2710258548685744e-09,0.0083020268620268,0
1424,3,0.60546875,0.59765625,4.3081065235512345e-10,0.0069016849816849,0
1425,4,0.3072916666666667,0.2495588012254772,1.16064431854267e-09,0.0080019536019536,0
1426,5,0.44140625,0.3188323269908103,6.536037513501456e-10,0.0068016605616605,0
1427,3,0.095703125,0.029296875,6.526487027188148e-10,0.0090021978021978,0
1428,19,0.0679253472222222,0.0582038370471814,1.7394674569024955e-09,0.0549134065934065,0
1429,54,0.0369251179245283,0.0357576479583819,5.0104581767714204e-09,0.0771188278388278,0
1430,24,0.0699728260869565,0.0631432699994638,2.676602428412467e-09,0.0516126007326007,0
1431,15,0.1177455357142857,0.0754257057603384,1.7839338056886131e-09,0.0110026862026862,0
1432,16,0.1265625,0.0904789591965539,2.4939554749894147e-09,0.0152037118437118,0
1433,13,0.1591796875,0.0868957728883625,3.7200653104971438e-09,0.0144035164835164,0
1434,10,0.2074652777777778,0.2348984637899853,2.34621200712232e-09,0.0137033455433455,0
1435,7,0.3072916666666667,0.1899748061581492,1.022503655712504e-09,0.0061014896214896,0
1436,15,0.123046875,0.0599317107545083,2.662161759530406e-09,0.0130031746031746,0
1437,36,0.0513392857142857,0.0719437683996561,5.241805054259267e-09,0.0604147496947496,0
1438,33,0.0616455078125,0.0961938073492756,3.041165684852727e-09,0.0501122344322344,0
1439,25,0.08056640625,0.042624277655036,3.776878740620727e-09,0.0684167032967033,0
1440,24,0.0692934782608695,0.0598674669480116,4.035978579157665e-09,0.0833203418803418,0
1441,50,0.0397002551020408,0.0318065371942548,7.678804985587264e-09,0.0657160439560439,0
1442,17,0.116455078125,0.0913200167278219,3.246766479952434e-09,0.0352085958485958,0
1443,8,0.2299107142857142,0.1636025196590062,1.939933895977852e-09,0.0090021978021978,0
1444,18,0.1079963235294117,0.0686713753974941,2.9145653966166787e-09,0.0092022466422466,0
1445,10,0.1723090277777778,0.0995467096667609,1.8488567090215438e-09,0.0080019536019536,0
1446,14,0.1364182692307692,0.1128656328227738,2.6643642072213502e-09,0.0089021733821733,0
1447,12,0.1683238636363636,0.0828047029699156,1.7285991489517131e-09,0.0086021001221001,0
1448,11,0.183203125,0.0966897485295267,1.781328180207816e-09,0.0098023931623931,0
1449,13,0.158203125,0.0891404195878439,1.819445522976887e-09,0.0072017582417582,0
1450,11,0.166015625,0.1008728084586134,2.0078373336171527e-09,0.0073017826617826,0
1451,12,0.1637073863636363,0.0830054861882336,2.4936085654950123e-09,0.0091022222222222,0
1452,9,0.21435546875,0.1721902903142079,1.7660769441117996e-09,0.0077018803418803,0
1453,25,0.0773111979166666,0.078546868513758,4.240872372364187e-09,0.02240547008547,0
1454,10,0.1996527777777778,0.4404062558994133,1.2504516226485663e-09,0.0088021489621489,0
1455,0,0.0,0.0,8.043037684063325e-10,0.0109026617826617,0
1456,4,0.4153645833333333,0.2235415817217918,1.1703218102041932e-09,0.0085020757020757,0
1457,5,0.1630859375,0.076465529710365,8.276370584120126e-10,0.006201514041514,0
1458,1,0.0,0.0,5.604313607976612e-10,0.0094022954822954,0
1459,8,0.1696428571428571,0.2577013520459313,7.111811522425648e-10,0.0065015873015873,0
1460,4,0.078125,0.0240797421990975,6.502089225661225e-10,0.0068016605616605,0
1461,13,0.1256510416666666,0.1668890423210331,9.952167616101338e-10,0.0110026862026862,0
1462,14,0.0640024038461538,0.0572776565261723,9.23719341142933e-10,0.0253061782661782,0
1463,6,0.0390625,0.0352862180957381,1.32692411818442e-09,0.0183044688644688,0
1464,35,0.0490579044117647,0.0443987399812522,2.5582923531770256e-09,0.0339082783882783,0
1465,3,0.1015625,0.00390625,8.217746126228268e-10,0.0141034432234432,0
1466,21,0.084765625,0.0813972898739762,1.5990833918489592e-09,0.023105641025641,0
1467,62,0.0313780737704918,0.0279272778458222,6.038294199960007e-09,0.0882215384615384,0
1468,37,0.0536024305555555,0.0634931609649267,3.050082534520492e-09,0.0465113553113553,0
1469,13,0.1429036458333333,0.0603566891475911,2.1929555240009102e-09,0.0116028327228327,0
1470,12,0.1669034090909091,0.0829325303523944,2.0406392678427936e-09,0.0095023199023199,0
1471,11,0.183984375,0.1280803323434286,2.1755772914784474e-09,0.0072017582417582,0
1472,8,0.2321428571428571,0.0987076690140836,1.705166989783805e-09,0.0067016361416361,0
1473,15,0.134765625,0.0632927885754647,2.817854421484515e-09,0.0090021978021978,0
1474,10,0.21484375,0.1953992862740007,1.5318259869899634e-09,0.0069016849816849,0
1475,10,0.1627604166666666,0.0495476499751053,2.067205447781512e-09,0.0082020024420024,0
1476,9,0.23583984375,0.2400035214165792,1.3901583000269466e-09,0.0070017094017094,0
1477,12,0.1619318181818181,0.0823159230605345,1.701980720755045e-09,0.0071017338217338,0
1478,7,0.2350260416666666,0.1777152958318806,9.607775248700728e-10,0.0051012454212454,0
1479,10,0.1840277777777778,0.0817402337178954,1.5117366692458264e-09,0.0076018559218559,0
1480,12,0.1647727272727272,0.0821380220612242,1.666757183608431e-09,0.0083020268620268,0
1481,11,0.16328125,0.0533828759558015,1.911936059728241e-09,0.0072017582417582,0
1482,13,0.1422526041666666,0.067308861392794,1.9629845330294616e-09,0.0075018315018315,0
1483,6,0.2703125,0.2384975964567043,1.5431179328171654e-09,0.0079019291819291,0
1484,9,0.14990234375,0.0581997659213153,1.930793335270498e-09,0.0084020512820512,0
1485,12,0.1644176136363636,0.0936234726411624,1.5236324342565752e-09,0.0095023199023199,0
1486,10,0.2022569444444444,0.1260505143053205,1.9800208544613873e-09,0.0106025885225885,0
1487,11,0.1875,0.1309147504103338,2.924220959477369e-09,0.0116028327228327,0
1488,9,0.20263671875,0.1786809176886813,1.686649510197186e-09,0.007401807081807,0
1489,11,0.184375,0.1509430802539901,2.252013761584789e-09,0.0104025396825396,0
1490,8,0.2767857142857143,0.1223460692725928,1.4152924416260041e-09,0.0070017094017094,0
1491,12,0.1615767045454545,0.0871917881028797,2.784551492050633e-09,0.0079019291819291,0
1492,12,0.1658380681818181,0.0815880824758858,2.908273997742862e-09,0.0097023687423687,0
1493,10,0.1879340277777778,0.1409915704087011,1.8022984801730794e-09,0.0077018803418803,0
1494,6,0.28984375,0.1987724780921015,1.0237469805750482e-09,0.0068016605616605,0
1495,8,0.2165178571428571,0.1285567017855529,2.1138519666235434e-09,0.0072017582417582,0
1496,8,0.2299107142857142,0.1924050173170531,2.0003313488103438e-09,0.0076018559218559,0
1497,10,0.2018229166666666,0.107435684087168,1.94057562452852e-09,0.0090021978021978,0
1498,17,0.113037109375,0.0307413669656022,2.899238094865384e-09,0.008101978021978,0
1499,11,0.15078125,0.095622574519893,1.9589597108498782e-09,0.0073017826617826,0
1500,8,0.15625,0.076717227036091,2.2705529329513413e-09,0.0077018803418803,0
1501,10,0.1870659722222222,0.0656344147420692,2.256307569289769e-09,0.0067016361416361,0
1502,11,0.198828125,0.1670802262446191,2.9506482562343372e-09,0.0063015384615384,0
1503,10,0.2100694444444444,0.1512747144478831,2.4590197458558263e-09,0.0096023443223443,0
1504,6,0.28828125,0.1941748115020972,1.266486944842313e-09,0.0058014163614163,0
1505,4,0.3177083333333333,0.1995461294264993,1.3136615631350064e-09,0.0069016849816849,0
1506,7,0.2838541666666667,0.368988454268803,9.674998993680311e-10,0.0065015873015873,0
1507,9,0.2255859375,0.1585493655179747,1.184725408901233e-09,0.0059014407814407,0
1508,9,0.1650390625,0.0703057179888918,1.588297619583391e-09,0.0077018803418803,0
1509,7,0.3131510416666667,0.2665942093638997,1.8412705255439343e-09,0.0088021489621489,0
1510,5,0.400390625,0.4375915431570611,1.2641813924780955e-09,0.0052012698412698,0
1511,7,0.2506510416666667,0.1152049456300069,1.154560230259921e-09,0.0070017094017094,0
1512,4,0.5859375,0.5422329021576353,9.563180890576147e-10,0.0084020512820512,0
1513,20,0.0731907894736842,0.0881594673489938,1.728409950950301e-09,0.0449109645909645,0
1514,34,0.0571732954545454,0.0780410189115181,2.989775037233828e-09,0.0563137484737484,0
1515,12,0.1590909090909091,0.0680281323075468,2.0423379791525964e-09,0.0082020024420024,0
1516,9,0.19287109375,0.1099825741229844,1.5836865794970186e-09,0.0072017582417582,0
1517,7,0.2180989583333333,0.1443272889878112,1.6216959770087627e-09,0.0059014407814407,0
1518,3,0.322265625,0.201171875,6.673041142821363e-10,0.0040009768009768,0
1519,3,0.646484375,0.626953125,6.46548192440191e-10,0.0037009035409035,0
1520,2,0.54296875,0.0,4.5961694767212156e-10,0.0032007814407814,0
1521,1,0.0,0.0,2.9005304935364457e-10,0.0032007814407814,0
1522,2,1.625,0.0,7.362097304404997e-10,0.0045010989010989,0
1523,5,0.3427734375,0.3674198795096514,9.246788902595335e-10,0.0054013186813186,0
1524,1,0.0,0.0,3.571550610985135e-10,0.0044010744810744,0
1525,4,0.4453125,0.1795459134206113,6.626781162552682e-10,0.005001221001221,0
1526,3,0.412109375,0.310546875,6.291802892535493e-10,0.0045010989010989,0
1527,7,0.1842447916666666,0.1131783087111528,1.2632083692766502e-09,0.0071017338217338,0
1528,1,0.0,0.0,5.416662700788731e-10,0.0045010989010989,0
1529,4,0.5833333333333334,0.5171648146669626,6.668703619610783e-10,0.00430105006105,0
1530,1,0.0,0.0,3.791169260548839e-10,0.0034008302808302,0
1531,6,0.2953125,0.3954282809696658,1.2620561547816583e-09,0.0123030036630036,0
1532,30,0.0584590517241379,0.0709344704006372,4.027996929513642e-09,0.0336082051282051,0
1533,5,0.3623046875,0.1673173916785265,1.2808622728279891e-09,0.0072017582417582,0
1534,7,0.3138020833333333,0.2305423022933131,1.9148902305552952e-09,0.0079019291819291,0
1535,4,0.31640625,0.2212698981753769,1.1469372473951228e-09,0.0080019536019536,0
1536,22,0.0863095238095238,0.0922570293210671,2.287395794082206e-09,0.0314076678876678,0
1537,31,0.055859375,0.0389732052301508,2.3242218539837583e-09,0.0264064468864468,0
1538,6,0.19296875,0.1102531710144883,1.130169156748827e-09,0.0091022222222222,0
1539,8,0.2433035714285714,0.1588609187117503,1.528448767053391e-09,0.0065015873015873,0
1540,8,0.2087053571428571,0.1161760131506021,8.799575494988153e-10,0.0139033943833943,0
1541,15,0.1300223214285714,0.0979173804635474,1.7317040312933743e-09,0.0122029792429792,0
1542,55,0.0352285879629629,0.0276774726481696,4.7183680527602234e-09,0.0632154334554334,0
1543,13,0.1458333333333333,0.080281647702942,2.648608371102933e-09,0.0147035897435897,0
1544,8,0.12890625,0.0807591630139533,1.1914341858538283e-09,0.0060014652014652,0
1545,9,0.14892578125,0.0724616613634666,1.3332652151576716e-09,0.0077018803418803,0
1546,7,0.2552083333333333,0.2263229097148708,1.3706292921165287e-09,0.0071017338217338,0
1547,9,0.208984375,0.2183223358568343,1.5907921276868732e-09,0.0091022222222222,0
1548,83,0.0234851371951219,0.0176757104777149,7.883899909370662e-09,0.1464357509157509,0
1549,41,0.04755859375,0.0661927144677448,2.3359027446996763e-09,0.0561136996336996,0
1550,12,0.1651278409090909,0.1258746356850046,1.087535423850671e-09,0.0108026373626373,0
1551,5,0.2626953125,0.2588517023246838,1.082390446727672e-09,0.0087021245421245,0
1552,4,0.2838541666666667,0.1395478616309253,8.761616633010862e-10,0.006201514041514,0
1553,3,0.640625,0.42578125,1.0279963209464695e-09,0.0046011233211233,0
1554,2,1.62890625,0.0,4.671385537285262e-10,0.0053012942612942,0
1555,0,0.0,0.0,4.865664003040949e-10,0.0049011965811965,0
1556,5,0.275390625,0.2367796564591025,6.764063172044512e-10,0.0059014407814407,0
1557,3,0.693359375,0.154296875,6.059935882294513e-10,0.0036008791208791,0
1558,13,0.1279296875,0.1068596199376061,1.0822499131350435e-09,0.0308075213675213,0
1559,21,0.07578125,0.0819512258478709,1.5069719685690951e-09,0.0487118925518925,0
1560,20,0.0777138157894736,0.0818881381729562,1.583282783822218e-09,0.0278067887667887,0
1561,8,0.2354910714285714,0.1411466373888286,1.5200859307329655e-09,0.007401807081807,0
1562,4,0.4231770833333333,0.2384697285085269,5.372716190081115e-10,0.0044010744810744,0
1563,3,0.302734375,0.087890625,9.226362196958008e-10,0.006201514041514,0
1564,8,0.2600446428571428,0.1636082298111131,1.9718829434030896e-09,0.0067016361416361,0
1565,11,0.18046875,0.1472278010113069,2.439609702636259e-09,0.0071017338217338,0
1566,9,0.24267578125,0.178584820381461,1.3935411327581655e-09,0.0061014896214896,0
1567,6,0.32578125,0.1969090992295049,1.3554813528728938e-09,0.0055013431013431,0
1568,8,0.2444196428571428,0.2777784974657627,1.3920430302298432e-09,0.0077018803418803,0
1569,9,0.236328125,0.1259576354483299,2.490671341371032e-09,0.0088021489621489,1
1570,7,0.28515625,0.247011763278425,2.549118650309126e-09,0.0079019291819291,1
1571,14,0.130108173076923,0.0458978842382933,3.018769030972842e-09,0.0091022222222222,1
1572,9,0.2177734375,0.1308703062132118,3.2957325656744726e-09,0.0078019047619047,1
1573,10,0.1940104166666666,0.0937861620071307,3.0598493353072107e-09,0.0082020024420024,1
1574,14,0.1412259615384615,0.1256728263306017,2.2863785493035152e-09,0.0073017826617826,1
1575,12,0.1203835227272727,0.0631802948792413,2.3875178249033557e-09,0.0205050061050061,1
1576,27,0.0625,0.0763392668871675,3.838875692590207e-09,0.0864210989010988,1
1577,59,0.0338766163793103,0.0409458942032257,6.5705718806465724e-09,0.1297316727716727,1
1578,31,0.063671875,0.116962240097922,7.374801861593585e-09,0.1024250061050061,1
1579,27,0.0721153846153846,0.0561513262264703,4.9929024551964114e-09,0.0932227594627594,1
1580,27,0.0721153846153846,0.0639318295438071,6.681590265920908e-09,0.0648158241758241,1
1581,24,0.0828804347826086,0.0867898421637007,4.705289120771034e-09,0.0720175824175824,1
1582,25,0.0623372395833333,0.0651836672800434,4.881837865405859e-09,0.1071261538461538,1
1583,23,0.0822088068181818,0.0826333865882614,3.271271862761102e-09,0.0614149938949938,1
1584,13,0.1380208333333333,0.0701193334262305,2.735861541499133e-09,0.0102024908424908,1
1585,11,0.186328125,0.148828125,2.934728406895302e-09,0.0121029548229548,1
1586,23,0.083984375,0.0772208871193079,6.445233538846176e-09,0.0609148717948717,1
1587,21,0.096484375,0.1147739743389017,1.69159555474817e-08,0.0514125518925518,1
1588,25,0.0665690104166666,0.0767661709450183,3.888947413250584e-09,0.0509124297924297,1
1589,26,0.07265625,0.0770551750371122,2.571106147881845e-09,0.0509124297924297,1
1590,43,0.0413876488095238,0.033571026408973,6.735886792669072e-09,0.109326691086691,1
1591,69,0.0236098345588235,0.021220955965752,1.0344186923858685e-08,0.0898219291819291,1
1592,40,0.0508814102564102,0.0589929455712955,7.290163196517649e-09,0.0968236385836385,1
1593,44,0.045875726744186,0.0563876922172958,8.315585091387804e-09,0.1307319169719169,1
1594,41,0.0458984375,0.0596758798202776,5.585981258600305e-09,0.1156282295482295,1
1595,42,0.0438262195121951,0.0541782157422408,8.394731038234929e-09,0.0923225396825396,1
1596,41,0.04482421875,0.0572168127093445,6.996608203569341e-09,0.0896218803418803,1
1597,52,0.0382965686274509,0.0440858547706686,6.147634543078682e-09,0.0644157264957265,1
1598,14,0.1331129807692307,0.1203056857076629,1.0896098067623936e-08,0.0676165079365079,1
1599,22,0.0824032738095238,0.0790027400401443,7.796568338051853e-09,0.0755184371184371,1
1600,18,0.1096047794117647,0.1409340366329613,8.043661713500599e-09,0.0578141147741147,1
1601,6,0.29140625,0.0233853586673371,7.635036584728949e-09,0.0139033943833943,1
1602,22,0.0930059523809523,0.1018455522820151,7.797316620599587e-09,0.0533130158730158,1
1603,14,0.1316105769230769,0.0969431247867385,8.842774659584411e-09,0.0244059584859584,1
1604,13,0.1357421875,0.0938059322083655,9.184924436572788e-09,0.0255062271062271,1
1605,13,0.1546223958333333,0.1496953484254722,8.712547142699672e-09,0.0188045909645909,1
1606,18,0.1086856617647058,0.0857517554636355,3.1465934814850222e-09,0.0244059584859584,1
1607,22,0.0649181547619047,0.054253649376128,2.031832528067933e-09,0.0388094749694749,0
1608,36,0.05625,0.0629046609780853,2.397497710972127e-09,0.0471115018315018,0
1609,24,0.0811820652173913,0.0614396780570716,2.325818468104697e-09,0.0340083028083028,0
1610,60,0.0321106991525423,0.0322524256341043,6.506274411987839e-09,0.0938229059829059,0
1611,52,0.0353860294117647,0.0324007982511296,4.690425445291802e-09,0.0735179487179487,0
1612,23,0.0830965909090909,0.0895358314853341,1.872203826605154e-09,0.0285069597069597,0
1613,45,0.0417258522727272,0.0674979856416462,6.377432477346625e-09,0.1391339682539682,0
1614,64,0.0294518849206349,0.021177237284678,8.985828165229493e-09,0.0986240781440781,0
1615,48,0.0417220744680851,0.0534937286735436,5.3123580897061325e-09,0.0856209035409035,0
1616,8,0.1143973214285714,0.081396735141584,1.8086876784120941e-09,0.0105025641025641,0
1617,43,0.0417596726190476,0.0475711581702838,3.2504634637933623e-09,0.0707172649572649,0
1618,47,0.0431385869565217,0.0636045637812644,3.946244927403352e-09,0.0714174358974358,0
1619,20,0.0538651315789473,0.0666004193422356,1.3267516950896066e-09,0.0211051526251526,0
1620,1,0.0,0.0,1.014146534099888e-09,0.0161039316239316,0
1621,58,0.0315926535087719,0.0335412806611793,9.047781062759314e-09,0.101224713064713,0
1622,55,0.0355179398148148,0.033062564325672,4.73767391102699e-09,0.0705172161172161,0
1623,49,0.037353515625,0.0399469074915904,4.687211093071898e-09,0.0810197802197802,0
1624,80,0.0242780854430379,0.0184131178589986,8.919941452227394e-09,0.0835203907203907,0
1625,51,0.038359375,0.037038913368451,5.176341530715672e-09,0.0721176068376068,0
1626,37,0.0526258680555555,0.0664093526587727,3.0077278544211353e-09,0.0341083272283272,0
1627,55,0.0281394675925925,0.0356857915735603,3.8074672595520235e-09,0.0527128693528693,0
1628,40,0.0501802884615384,0.0489054952845523,3.803368131029532e-09,0.0603147252747252,0
1629,43,0.0450148809523809,0.0671582838048798,3.3573270415990196e-09,0.0695169719169719,0
1630,33,0.0506591796875,0.0718718445126689,3.583754338355986e-09,0.1009246398046398,0
1631,12,0.1736505681818181,0.1879460517345424,1.226349155567333e-09,0.0094022954822954,0
1632,8,0.1869419642857142,0.1875166074702941,7.295701356369853e-10,0.0113027594627594,0
1633,8,0.2109375,0.2146254979089823,1.619025470696716e-09,0.0116028327228327,0
1634,12,0.1633522727272727,0.2018632838084934,1.661886685421484e-09,0.0113027594627594,0
1635,34,0.0544507575757575,0.0682769009650554,1.779962008054098e-09,0.0395096459096459,0
1636,50,0.0393016581632653,0.0352527389336012,3.340822436661493e-09,0.0653159462759462,0
1637,27,0.0632512019230769,0.067441200062002,1.577438601454169e-09,0.0432105494505494,0
1638,5,0.302734375,0.2404883058365637,7.694971248142033e-10,0.0064015628815628,0
1639,2,0.01953125,0.0,5.359969351741903e-10,0.0060014652014652,0
1640,3,0.5859375,0.0625,5.857864978872877e-10,0.0065015873015873,0
1641,3,0.751953125,0.306640625,6.418500958007025e-10,0.0063015384615384,0
1642,9,0.16845703125,0.1503708070850625,1.01988065549335e-09,0.0063015384615384,0
1643,4,0.06640625,0.0828640759202985,7.414989630248328e-10,0.0058014163614163,0
1644,7,0.2552083333333333,0.4148642656833343,7.170249816998901e-10,0.005001221001221,0
1645,1,0.0,0.0,6.853112540970254e-10,0.0059014407814407,0
1646,5,0.3134765625,0.2477987655547323,8.691680786589782e-10,0.0066016117216117,0
1647,8,0.2589285714285714,0.2292664451634165,1.1118480673211095e-09,0.0140034188034188,0
1648,4,0.53515625,0.3139128219197569,8.012560523606769e-10,0.0085020757020757,0
1649,34,0.0540956439393939,0.1107242318751799,2.3664683005571283e-09,0.0997243467643467,0
1650,47,0.0426290760869565,0.0591505815375063,2.237978285461401e-09,0.042410354090354,0
1651,62,0.0316342213114754,0.0227739149490992,5.0402303357445875e-09,0.0599146275946275,0
1652,37,0.0530598958333333,0.0646951671076067,2.526428505738258e-09,0.0705172161172161,0
1653,50,0.0283801020408163,0.025102621286661,9.977057961032321e-09,0.1318321855921856,0
1654,33,0.0621337890625,0.0796024803942099,4.315408566142596e-09,0.0660161172161172,0
1655,46,0.0418402777777777,0.0494628689045637,3.7926313545361174e-09,0.0695169719169719,0
1656,60,0.0333024364406779,0.0320132876158278,3.118748087526704e-09,0.046211282051282,0
1657,26,0.079375,0.1446461536496045,8.767190472370187e-09,0.051212503052503,0
1658,71,0.0284598214285714,0.0392803237981985,5.582857268996521e-09,0.113127619047619,0
1659,83,0.0234851371951219,0.0144428716725456,6.338640439739341e-09,0.0832203174603174,0
1660,14,0.0922475961538461,0.0554661781114729,1.0169159398569312e-09,0.0263064224664224,0
1661,10,0.21484375,0.2529864482776751,7.367908794777498e-10,0.0370090354090354,0
1662,38,0.0422297297297297,0.0453986780787193,1.9152713019242324e-09,0.0304074236874236,0
1663,20,0.1025904605263157,0.1395520684190478,1.4494770771556483e-09,0.0503122832722832,0
1664,8,0.1434151785714285,0.1714269002197185,6.295046730271662e-10,0.0152037118437118,0
1665,3,0.453125,0.13671875,6.051296191005439e-10,0.0108026373626373,0
1666,6,0.1015625,0.1307047827524876,6.613974224565456e-10,0.0051012454212454,0
1667,1,0.0,0.0,5.523817065383571e-10,0.0053012942612942,0
1668,5,0.1708984375,0.2622774906786688,6.367851397284204e-10,0.0073017826617826,0
1669,1,0.0,0.0,5.586455387751747e-10,0.0058014163614163,0
1670,3,0.224609375,0.154296875,6.573995804765034e-10,0.0063015384615384,0
1671,4,0.0091145833333333,0.0018414239093399,5.443023670129897e-10,0.0053012942612942,0
1672,2,0.203125,0.0,3.720590493484266e-10,0.0053012942612942,0
1673,0,0.0,0.0,4.848002492691137e-10,0.0044010744810744,0
1674,3,0.826171875,0.205078125,5.871115769066774e-10,0.0035008547008547,0
1675,3,0.826171875,0.708984375,6.232726330382581e-10,0.0032007814407814,0
1676,4,0.3489583333333333,0.4034903934579449,1.1436866111774536e-09,0.0029007081807081,0
1677,4,0.30859375,0.3977987117929955,5.300585215663626e-10,0.0027006593406593,0
1678,4,0.2981770833333333,0.1977795577713283,6.880578924534967e-10,0.0035008547008547,0
1679,4,0.546875,0.514746331514166,7.866265238289046e-10,0.0032007814407814,0
1680,2,0.171875,0.0,8.351797971818573e-10,0.0033008058608058,0
1681,3,0.841796875,0.654296875,1.0577928441538791e-09,0.0039009523809523,0
1682,4,0.3072916666666667,0.2322458264747303,1.0141701732947724e-09,0.003100757020757,0
1683,2,1.6171875,0.0,9.477566006884343e-10,0.0035008547008547,0
1684,0,0.0,0.0,3.875341939043862e-10,0.0027006593406593,0
1685,5,0.3837890625,0.2462545202779519,1.1508728047089422e-09,0.0039009523809523,0
1686,2,0.0234375,0.0,5.086708208102439e-10,0.0030007326007326,0
1687,3,0.83203125,0.54296875,6.242056037843582e-10,0.0040009768009768,0
1688,3,0.4375,0.33984375,6.859635175569241e-10,0.0029007081807081,0
1689,1,0.0,0.0,8.039281496827854e-10,0.0032007814407814,0
1690,2,1.40234375,0.0,6.387884036750792e-10,0.0033008058608058,0
1691,5,0.3203125,0.2269494271428521,1.326046719230098e-09,0.0035008547008547,0
1692,5,0.4794921875,0.7494218505263819,1.2725903861434992e-09,0.0029007081807081,0
1693,2,0.734375,0.0,1.0203915397725494e-09,0.0039009523809523,0
1694,5,0.361328125,0.178633542838273,1.0714062739932703e-09,0.0047011477411477,0
1695,6,0.2515625,0.2459213185591582,1.551814168440771e-09,0.0034008302808302,0
1696,3,0.58203125,0.37109375,1.2231734406657142e-09,0.0045010989010989,0
1697,3,0.1484375,0.125,8.709202862262041e-10,0.003100757020757,0
1698,4,0.4674479166666667,0.3059424830771118,1.0191576782751231e-09,0.0033008058608058,0
1699,4,0.4583333333333333,0.1890757714579807,1.4119848109088035e-09,0.0035008547008546,0
1700,3,0.3203125,0.13671875,1.138722072182752e-09,0.0039009523809523,0
1701,3,0.310546875,0.146484375,1.2085386388557172e-09,0.0034008302808302,0
1702,3,0.08203125,0.046875,9.881730578216384e-10,0.0030007326007326,0
1703,7,0.3151041666666667,0.3344326963786855,3.4897143668721044e-09,0.003100757020757,0
1704,2,0.7421875,0.0,1.097614628664308e-09,0.0029007081807081,0
1705,6,0.36015625,0.305920980784867,1.087134724588937e-09,0.0033008058608058,0
1706,7,0.287109375,0.3322590364481187,1.74382846439995e-09,0.0036008791208791,0
1707,4,0.3580729166666667,0.3052767628066739,1.2552235812895723e-09,0.0040009768009768,0
1708,2,0.21484375,0.0,1.2911803807308043e-09,0.0032007814407814,0
1709,4,0.3424479166666667,0.2965550176143074,1.8511187200060823e-09,0.003100757020757,0
1710,6,0.325,0.3318372595066368,1.1475260841790142e-09,0.0035008547008547,0
1711,3,0.755859375,0.001953125,1.8218120345538494e-09,0.0042010256410256,0
1712,3,0.40234375,0.28125,1.3096485093051024e-09,0.0033008058608058,0
1713,4,0.5299479166666666,0.2564542292522954,1.523675179548863e-09,0.0037009035409035,0
1714,2,0.0234375,0.0,9.18523205359286e-10,0.0036008791208791,0
1715,6,0.27890625,0.2293684007906276,1.0426849131061582e-09,0.0040009768009768,0
1716,4,0.3932291666666667,0.1339691262176248,1.0795562964118363e-09,0.0042010256410256,0
1717,2,0.640625,0.0,1.7150534657417095e-09,0.0037009035409035,0
1718,2,1.5546875,0.0,1.6187045665296575e-09,0.0040009768009768,0
1719,4,0.3606770833333333,0.1006738634379047,1.7909988984293583e-09,0.0040009768009768,0
1720,3,0.4609375,0.0078125,1.1497563955110315e-09,0.0038009279609279,0
1721,2,1.35546875,0.0,7.860321889754696e-10,0.0046011233211233,0
1722,4,0.4973958333333333,0.2422574943657861,2.995934160975369e-09,0.0059014407814407,0
1723,2,0.90625,0.0,9.88822767628857e-10,0.0038009279609279,0
1724,1,0.0,0.0,8.233775424480551e-10,0.0033008058608058,0
1725,1,0.0,0.0,7.073823216279718e-10,0.003100757020757,0
1726,2,0.9296875,0.0,1.1253276263592767e-09,0.0037009035409035,0
1727,5,0.349609375,0.3188383092284247,8.891809819136397e-10,0.0037009035409035,0
1728,5,0.2734375,0.2954969042310871,9.568853039448847e-10,0.003100757020757,0
1729,3,0.35546875,0.1875,1.705354356842452e-09,0.0030007326007326,0
1730,3,0.580078125,0.189453125,6.841047746281834e-10,0.0037009035409035,0
1731,2,0.19140625,0.0,7.579604150174203e-10,0.0044010744810744,0
1732,3,0.29296875,0.23046875,1.1792754976949687e-09,0.0039009523809523,0
1733,5,0.3232421875,0.258895909546637,1.954403132575351e-09,0.0035008547008547,0
1734,2,1.1875,0.0,1.468638121476949e-09,0.003100757020757,0
1735,1,0.0,0.0,1.3328571484478076e-09,0.0037009035409035,0
1736,4,0.5716145833333334,0.4153176403724188,6.25562271225332e-10,0.0046011233211233,0
1737,5,0.3193359375,0.3164830997528923,1.2258778316484932e-09,0.0039009523809523,0
1738,2,0.265625,0.0,1.7859621921034464e-09,0.0038009279609279,0
1739,4,0.5104166666666666,0.3908896672820186,8.254433024579543e-10,0.003100757020757,0
1740,3,0.212890625,0.001953125,9.086604472149915e-10,0.0035008547008547,0
1741,2,1.515625,0.0,6.550841734006225e-10,0.0034008302808302,0
1742,3,0.724609375,0.384765625,1.2277247386736854e-09,0.005001221001221,0
1743,2,0.48828125,0.0,1.1413226631533066e-09,0.0045010989010989,0
1744,4,0.62109375,0.3048043312332383,1.9951449169068787e-09,0.00430105006105,0
1745,3,0.369140625,0.158203125,2.2283873000219153e-09,0.0048011721611721,0
1746,5,0.2978515625,0.1532767653125155,2.1173284563866637e-09,0.0045010989010989,0
1747,3,0.2734375,0.19140625,1.584863334681615e-09,0.0039009523809523,0
1748,5,0.240234375,0.230278324402131,1.431797444898406e-09,0.0040009768009767,0
1749,5,0.3583984375,0.3155657117698693,1.5463820751495315e-09,0.00430105006105,0
1750,4,0.4427083333333333,0.5381590910207351,1.0645827643667042e-09,0.0038009279609279,0
1751,1,0.0,0.0,3.7346635423701584e-10,0.0029007081807081,0
1752,2,1.01953125,0.0,8.214599140938426e-10,0.0037009035409035,0
1753,0,0.0,0.0,5.002154618970095e-10,0.0038009279609279,0
1754,2,0.90234375,0.0,6.769193288481292e-10,0.0028006837606837,0
1755,2,0.25390625,0.0,7.161516214186201e-10,0.0029007081807081,0
1756,2,1.15625,0.0,7.204179189756112e-10,0.0033008058608058,0
1757,2,0.78125,0.0,7.130047526009636e-10,0.0030007326007326,0
1758,4,0.28125,0.3350733799063647,1.0904315769700384e-09,0.0030007326007326,0
1759,0,0.0,0.0,3.732071756696871e-10,0.0030007326007326,0
1760,5,0.408203125,0.5060554036201996,9.47846364055155e-10,0.0030007326007326,0
1761,3,0.07421875,0.05078125,5.036354579909982e-10,0.0036008791208791,0
1762,6,0.28359375,0.2143616750596407,1.7198490635776004e-09,0.0040009768009767,0
1763,4,0.36328125,0.1369232102121173,1.920692056648158e-09,0.0039009523809523,0
1764,1,0.0,0.0,6.70253003677912e-10,0.0045010989010989,0
1765,2,0.578125,0.0,9.350524604702718e-10,0.0049011965811965,0
1766,1,0.0,0.0,4.316507289621415e-10,0.003100757020757,0
1767,6,0.19609375,0.1971073777395838,1.0580321077244723e-09,0.0042010256410256,0
1768,1,0.0,0.0,4.969156464634944e-10,0.0036008791208791,0
1769,2,0.59765625,0.0,1.6149025550596635e-09,0.0039009523809523,0
1770,2,1.01953125,0.0,1.9554224394940967e-09,0.0047011477411477,0
1771,5,0.310546875,0.2212038015635623,8.381962404455535e-10,0.0029007081807081,0
1772,3,0.86328125,0.73828125,6.598986822430044e-10,0.0034008302808302,0
1773,4,0.4283854166666667,0.5129084585045908,1.6973423696881224e-09,0.0036008791208791,0
1774,1,0.0,0.0,5.743023077286471e-10,0.0042010256410256,0
1775,3,0.373046875,0.314453125,8.992087106799217e-10,0.0046011233211233,0
1776,3,0.609375,0.171875,1.0989757063246074e-09,0.0044010744810744,0
1777,4,0.375,0.35342389175836,1.351068376068376e-09,0.0040009768009768,0
1778,3,0.49609375,0.30859375,1.5965177774758815e-09,0.0037009035409035,0
1779,5,0.2158203125,0.169356886679928,1.724461478618129e-09,0.0035008547008547,0
1780,5,0.3759765625,0.3085365725312892,2.007340379411407e-09,0.0046011233211233,0
1781,3,0.46484375,0.26953125,2.182035991582694e-09,0.0040009768009768,0
1782,4,0.4205729166666667,0.2744463037727305,2.3204296663602974e-09,0.0045010989010988,0
1783,2,0.72265625,0.0,1.3236778677269175e-09,0.0033008058608058,0
1784,7,0.296875,0.1983872557782085,2.052041938536043e-09,0.0057013919413919,0
1785,4,0.4908854166666667,0.2763117782229383,1.17226196952044e-09,0.0036008791208791,0
1786,2,0.84375,0.0,7.852146666249228e-10,0.00430105006105,0
1787,3,0.7734375,0.58203125,1.4216710473020564e-09,0.0036008791208791,0
1788,1,0.0,0.0,5.348281414458726e-10,0.0027006593406593,0
1789,3,0.30078125,0.21875,1.4210057657459212e-09,0.0036008791208791,0
1790,2,1.15234375,0.0,6.97692936991529e-10,0.0035008547008547,0
1791,3,0.146484375,0.037109375,1.6150402304248456e-09,0.0065015873015873,0
1792,3,0.775390625,0.751953125,1.006039557471849e-09,0.0037009035409035,0
1793,3,0.71484375,0.43359375,8.218656659190083e-10,0.0033008058608058,0
1794,2,0.02734375,0.0,1.0732296315071614e-09,0.0028006837606837,0
1795,3,0.443359375,0.435546875,5.197737718799988e-10,0.0028006837606837,0
1796,1,0.0,0.0,5.398767966533534e-10,0.0034008302808302,0
1797,3,0.046875,0.01171875,5.19077433597809e-10,0.0035008547008547,0
1798,4,0.3697916666666667,0.4870592347278517,5.206267000280277e-10,0.0026006349206349,0
1799,1,0.0,0.0,4.522630918464251e-10,0.0041010012210012,0
0,8,0.1958705357142857,0.1816472681608324,7.817911618063287e-10,0.0054013186813186,0
1,0,0.0,0.0,7.884051449584874e-10,0.0057013919413919,0
2,2,0.015625,0.0,7.56866901921847e-10,0.011202735042735,0
3,15,0.0747767857142857,0.1200166049809007,7.714097163287296e-10,0.0176042979242979,0
4,12,0.1328125,0.1660960283239789,1.079101349064719e-09,0.0254062026862026,0
5,4,0.54296875,0.3228904139194003,7.136086655446201e-10,0.0171041758241758,0
6,14,0.12109375,0.1149832763759749,9.103292752560152e-10,0.0145035409035409,0
7,13,0.1285807291666666,0.2349680990295868,7.626547909529251e-10,0.0175042735042735,0
8,7,0.1315104166666666,0.1644753403608138,7.33837825618961e-10,0.0177043223443223,0
9,13,0.1416015625,0.196888982690043,8.323946210908205e-10,0.0230056166056166,0
10,10,0.1909722222222222,0.1909623576997733,7.817622050737893e-10,0.0176042979242979,0
11,8,0.0797991071428571,0.131937393052867,9.820077767779806e-10,0.0094022954822954,0
12,4,0.59375,0.1882580163742481,6.713623680556486e-10,0.0068016605616605,0
13,9,0.19384765625,0.251050173877807,1.222398083575968e-09,0.0157038339438339,0
14,5,0.2822265625,0.261432548153222,7.088845723132008e-10,0.0105025641025641,0
15,4,0.2408854166666666,0.2442439017669576,6.966339998291119e-10,0.0129031501831501,0
16,6,0.2015625,0.2461197902889464,6.663266278665201e-10,0.0130031746031746,0
17,17,0.110107421875,0.16160984518777,1.616420751951887e-09,0.02240547008547,0
18,6,0.1015625,0.0971392565148097,1.1560606698026568e-09,0.0122029792429792,0
19,9,0.1953125,0.1592844986609553,6.028017937601841e-10,0.0123030036630036,0
20,10,0.1805555555555555,0.2393056147526044,7.92876588470968e-10,0.0070017094017094,0
21,8,0.1819196428571428,0.3333047867572845,6.282397012264798e-10,0.0064015628815628,0
22,2,0.39453125,0.0,4.074216816561711e-10,0.0048011721611721,0
23,1,0.0,0.0,4.5575845418021467e-10,0.0068016605616605,0
24,9,0.04248046875,0.0242720478938214,1.0501516561040367e-09,0.0222054212454212,0
25,5,0.35546875,0.5707203699909933,5.153202016068314e-10,0.0141034432234432,0
26,8,0.2399553571428571,0.2212159432381165,8.941337875003167e-10,0.0133032478632478,0
27,6,0.18671875,0.1850985537744015,8.981511088711178e-10,0.0233056898656898,0
28,23,0.0804332386363636,0.1164075553982077,1.487615519443587e-09,0.0302073748473748,0
29,6,0.24609375,0.2622953070967912,7.879325584811503e-10,0.0249060805860805,0
30,16,0.10390625,0.0915519227394578,1.0416147614193054e-09,0.0295072039072039,0
31,6,0.3046875,0.288787876303698,7.804988568953771e-10,0.0123030036630036,0
32,0,0.0,0.0,2.879715632691823e-10,0.0070017094017094,0
33,15,0.134765625,0.1667296880825782,1.4307474126169752e-09,0.0153037362637362,0
34,1,0.0,0.0,1.222790671132303e-09,0.0073017826617826,0
35,4,0.3606770833333333,0.4715016171304158,1.462593447964327e-09,0.0383093528693528,0
36,12,0.1303267045454545,0.1663236424620349,2.091763103307288e-09,0.0235057387057387,0
37,4,0.5260416666666666,0.6144646998847972,5.252170272831902e-10,0.0125030525030525,0
38,13,0.1354166666666666,0.2314176118121904,1.8028441104348266e-09,0.017404249084249,0
39,17,0.089111328125,0.122777007121165,1.530539156271757e-09,0.0372090842490842,0
40,9,0.1884765625,0.2515572683607784,1.3632748475239315e-09,0.0187045665445665,0
41,17,0.0859375,0.0748457275639051,1.5653451493667267e-09,0.0218053235653235,0
42,14,0.0991586538461538,0.1576673878058325,1.25757153011188e-09,0.0137033455433455,0
43,9,0.16943359375,0.2511868912878584,1.0514325310170091e-09,0.0072017582417582,0
44,5,0.3994140625,0.3516533628240305,8.493478250589627e-10,0.0132032234432234,0
45,2,0.28515625,0.0,4.3893554298774067e-10,0.0065015873015873,0
46,6,0.32421875,0.2312948647357416,8.304153579851838e-10,0.007401807081807,0
47,7,0.0677083333333333,0.0960986900265887,7.935194479665631e-10,0.0172042002442002,0
48,4,0.54296875,0.2730465955828327,8.464748941640538e-10,0.023105641025641,0
49,10,0.1315104166666666,0.1530377266883253,9.968080977939608e-10,0.025006105006105,0
50,6,0.27578125,0.254639566041395,6.492006834168577e-10,0.0084020512820512,0
51,4,0.3463541666666667,0.3544489913324584,5.531475350385607e-10,0.0153037362637362,0
52,7,0.275390625,0.2672072018503676,6.394168846793045e-10,0.0085020757020757,0
53,4,0.53515625,0.4313533051086139,6.831432483962245e-10,0.0182044444444444,0
54,20,0.0900493421052631,0.1444032465945079,3.218963386362653e-09,0.0561136996336996,0
55,6,0.10234375,0.0810167927230213,8.881274193602488e-10,0.0085020757020757,0
56,4,0.30078125,0.2162477796730909,6.204039889021571e-10,0.0059014407814407,0
57,4,0.1458333333333333,0.0289402483996,6.216636769421223e-10,0.0064015628815628,0
58,11,0.167578125,0.227251444426962,1.1050052104997158e-09,0.0244059584859584,0
59,3,0.619140625,0.044921875,4.956535841380164e-10,0.0154037606837606,0
60,5,0.3212890625,0.4578349553873226,9.485801056328184e-10,0.0197048107448107,0
61,5,0.328125,0.339742711273224,8.672772458958928e-10,0.0084020512820512,0
62,1,0.0,0.0,7.111575922487665e-10,0.0084020512820512,0
63,7,0.3170572916666667,0.2940640693683031,8.129621406693291e-10,0.0056013675213675,0
64,7,0.1979166666666666,0.1057977763842285,9.980760932125971e-10,0.0085020757020757,0
65,3,0.43359375,0.02734375,7.264980413804244e-10,0.0123030036630036,0
66,10,0.1623263888888889,0.1727615934357916,1.0910829400999383e-09,0.0436106471306471,0
67,11,0.187109375,0.1927523615948469,6.616386316950074e-10,0.0239058363858363,0
68,23,0.0818536931818181,0.1170541219709083,2.300660124750097e-09,0.0569138949938949,0
69,19,0.0872395833333333,0.0867816807445397,1.0109990718564434e-09,0.0290070818070818,0
70,0,0.0,0.0,6.167663948112664e-10,0.0073017826617826,0
71,1,0.0,0.0,5.190684064210276e-10,0.0101024664224664,0
72,2,0.20703125,0.0,6.455372493891267e-10,0.0068016605616605,0
73,4,0.40625,0.2802898831920118,1.1138237017357894e-09,0.0170041514041514,0
74,3,0.662109375,0.017578125,1.0300282807279715e-09,0.0063015384615384,0
75,5,0.263671875,0.2286658160283733,8.306136518819667e-10,0.0064015628815628,0
76,5,0.16796875,0.2318384879019362,8.895326067844953e-10,0.0056013675213675,0
77,3,0.828125,0.2734375,6.407068613112569e-10,0.0055013431013431,0
78,6,0.36015625,0.3337172268553123,8.046825540086184e-10,0.0067016361416361,0
79,3,0.63671875,0.6015625,6.662670034250277e-10,0.0064015628815628,0
80,4,0.50390625,0.1753901900050285,9.271047915865335e-10,0.0061014896214896,0
81,4,0.4427083333333333,0.3495214672611524,6.744423445674016e-10,0.0063015384615384,0
82,5,0.2080078125,0.0775060934316971,1.2383165579608456e-09,0.0070017094017094,0
83,1,0.0,0.0,4.681150769191634e-10,0.0055013431013431,0
84,3,0.13671875,0.0859375,4.962456239070248e-10,0.0054013186813186,0
85,3,0.1796875,0.0625,6.485008486396422e-10,0.0092022466422466,0
86,5,0.2509765625,0.1446730459421103,1.0605687583766794e-09,0.0065015873015873,0
87,5,0.3779296875,0.4238089983443446,8.535826448429468e-10,0.0059014407814407,0
88,1,0.0,0.0,5.063398600386352e-10,0.0073017826617826,0
89,5,0.4296875,0.2344889046132433,5.456984765950538e-10,0.005001221001221,0
90,5,0.41015625,0.5087731298489042,6.858195299816178e-10,0.0059014407814407,0
91,6,0.17890625,0.2391875694081425,6.585487579592431e-10,0.0061014896214896,0
92,6,0.30703125,0.3538691688631195,1.1061726665449762e-09,0.0194047374847374,0
93,2,0.33203125,0.0,6.306944457256385e-10,0.0103025152625152,0
94,4,0.46484375,0.410583854483466,6.608110129530115e-10,0.0046011233211233,0
95,6,0.1890625,0.1009476581575818,1.158272319961022e-09,0.0080019536019536,0
96,4,0.0625,0.0386699020961393,6.250401945514124e-10,0.0083020268620268,0
97,7,0.1751302083333333,0.2288010889105979,8.380826777346923e-10,0.007401807081807,0
98,9,0.18603515625,0.1693139437039748,9.805614717602467e-10,0.0167040781440781,0
99,14,0.1129807692307692,0.2117730820288651,1.1565116244832362e-09,0.0196047863247863,0
100,2,0.12109375,0.0,5.650941151170087e-10,0.0090021978021978,0
101,11,0.16953125,0.1824197838477573,8.910842102291276e-10,0.0089021733821733,0
102,23,0.0534446022727272,0.0664624841656955,2.210321182186166e-09,0.0311075946275946,0
103,0,0.0,0.0,1.1444700031009552e-09,0.0128031257631257,0
104,23,0.0719105113636363,0.0943374931562652,1.3404348189733374e-09,0.0363088644688644,0
105,14,0.122295673076923,0.2328999286069015,1.894232742269601e-09,0.0321078388278388,0
106,6,0.2609375,0.1068457562329922,5.290405872723293e-10,0.0136033211233211,0
107,2,1.1171875,0.0,5.110609232461339e-10,0.0138033699633699,0
108,10,0.1922743055555555,0.2245161550045445,7.351332199546485e-10,0.0110026862026862,0
109,5,0.3056640625,0.2143348909897907,8.019678767847265e-10,0.02240547008547,0
110,15,0.1381138392857142,0.1273376486307525,1.1497703354846211e-09,0.0217052991452991,0
111,10,0.17578125,0.1255818705331196,8.450058211633874e-10,0.02240547008547,0
112,3,0.55859375,0.1953125,6.377350105887192e-10,0.0107026129426129,0
113,18,0.1027113970588235,0.2109237328103743,8.132677421964566e-09,0.0198048351648351,0
114,17,0.09326171875,0.1033946355878048,1.0883399931546964e-08,0.0259063247863247,0
115,16,0.1307291666666666,0.1624165116725787,2.534194155383773e-09,0.0267065201465201,0
116,19,0.0766059027777777,0.117072707730191,1.0636389762663227e-09,0.0283069108669108,0
117,26,0.07828125,0.1119914721920825,1.8298313821679773e-09,0.0194047374847374,0
118,7,0.2610677083333333,0.3035118265349328,9.111947381407088e-10,0.0209051037851037,0
119,3,0.8828125,0.80078125,5.710933924303886e-10,0.0113027594627594,0
120,6,0.23046875,0.1763791913481434,6.944952985303261e-10,0.0133032478632478,0
121,4,0.44140625,0.2497557400491528,4.995909537590513e-10,0.0153037362637362,0
122,3,0.708984375,0.681640625,5.582990992460428e-10,0.0089021733821733,0
123,2,0.88671875,0.0,4.096627724890087e-10,0.008101978021978,0
124,2,0.43359375,0.0,4.1280480072261205e-10,0.0106025885225885,0
125,6,0.28359375,0.3595244254567413,4.837058247786841e-10,0.0101024664224664,0
126,1,0.0,0.0,6.285606944947603e-10,0.0085020757020757,0
127,2,0.26953125,0.0,3.5518220105130586e-10,0.0073017826617826,0
128,3,0.68359375,0.6640625,5.241029382112256e-10,0.0082020024420024,0
129,9,0.11865234375,0.2433262785668381,8.428161766774975e-10,0.0176042979242979,0
130,2,0.3125,0.0,5.450243734355457e-10,0.0107026129426129,0
131,2,0.15625,0.0,5.328566726589275e-10,0.009302271062271,0
132,3,0.232421875,0.220703125,7.14988498138681e-10,0.0083020268620268,0
133,1,0.0,0.0,4.3707073011102306e-10,0.008101978021978,0
134,4,0.0833333333333333,0.0713418100614725,7.292217999406642e-10,0.0095023199023199,0
135,3,0.59765625,0.57421875,5.598700184380129e-10,0.0065015873015873,0
136,6,0.1734375,0.0745510652380299,8.921582724696276e-10,0.0090021978021978,0
137,26,0.06015625,0.1020241909885836,1.6586921398791816e-09,0.0494120634920634,0
138,6,0.26328125,0.1892754482559742,6.687387435455771e-10,0.024305934065934,0
139,5,0.2529296875,0.2320748952796122,6.315406586697794e-10,0.0118028815628815,0
140,3,0.1953125,0.01953125,6.211452365298519e-10,0.0128031257631257,0
141,10,0.1106770833333333,0.1080179955831048,8.272468486353557e-10,0.0108026373626373,0
142,10,0.1909722222222222,0.1923688278762037,1.0248817754898911e-09,0.014303492063492,0
143,4,0.3815104166666667,0.1085034721666649,6.387018199990382e-10,0.0115028083028083,0
144,9,0.095703125,0.1271332856275378,1.1818071790613571e-09,0.0126030769230769,0
145,2,0.734375,0.0,4.2606576709140806e-10,0.007401807081807,0
146,3,0.31640625,0.015625,6.660819203859497e-10,0.0107026129426129,0
147,8,0.0491071428571428,0.0421159871966812,8.092581038551733e-10,0.0207050549450549,0
148,18,0.1020220588235294,0.1155824702012379,1.0350002436598131e-09,0.0154037606837606,0
149,2,0.52734375,0.0,6.050452996438e-10,0.0142034676434676,0
150,12,0.0923295454545454,0.0760059331608109,1.7270753456708123e-09,0.0420102564102564,0
151,16,0.1127604166666666,0.2948597536212013,1.4662738799428932e-09,0.0613149694749694,0
152,11,0.1921875,0.3095258865007295,9.848714178513283e-10,0.0226055189255189,0
153,10,0.2044270833333333,0.1992825673928019,1.1902030905708216e-09,0.0090021978021978,0
154,8,0.2633928571428571,0.3154703775506125,7.080180518610576e-10,0.0089021733821733,0
155,4,0.3736979166666667,0.409397032114931,7.558549490569293e-10,0.0114027838827838,0
156,3,0.59765625,0.51171875,6.78059416259107e-10,0.010002442002442,0
157,7,0.234375,0.1364953532004386,6.805224192186187e-10,0.0115028083028083,0
158,3,0.45703125,0.4140625,5.715292033973353e-10,0.0169041269841269,0
159,3,0.927734375,0.896484375,5.690503398378855e-10,0.0091022222222222,0
160,1,0.0,0.0,4.961223980812465e-10,0.0087021245421245,0
161,4,0.4348958333333333,0.4082524433591066,5.277082339825585e-10,0.0106025885225885,0
162,7,0.306640625,0.2192232371763973,7.825660838724596e-10,0.0092022466422466,0
163,5,0.1982421875,0.1788016334066518,6.359581132474904e-10,0.011202735042735,0
164,10,0.1310763888888889,0.1477174502880372,6.92622343665441e-10,0.0101024664224664,0
165,0,0.0,0.0,4.6169971902715713e-10,0.0088021489621489,0
166,5,0.2470703125,0.1533762835734161,8.165699475809935e-10,0.012403028083028,0
167,9,0.138671875,0.0831627689689209,6.17279233493748e-10,0.0130031746031746,0
168,8,0.2371651785714285,0.2748902280476412,7.182914629801077e-10,0.0113027594627594,0
169,6,0.19765625,0.1250878597476589,7.671135075496336e-10,0.0170041514041514,0
170,2,0.04296875,0.0,5.726915562137632e-10,0.0098023931623931,0
171,8,0.1969866071428571,0.2047907440390529,7.63678003766431e-10,0.0119029059829059,0
172,5,0.45703125,0.5865296487037921,5.996323485563412e-10,0.0135032967032967,0
173,12,0.1193181818181818,0.1361887417142312,2.1215744132410795e-09,0.0372090842490842,0
174,37,0.0485026041666666,0.0499512752906024,3.228825459068133e-09,0.0782190964590964,0
175,8,0.1685267857142857,0.1871442469022143,9.861208615801675e-10,0.0285069597069597,0
176,17,0.1162109375,0.1762823802882683,1.0985023889843026e-09,0.0269065689865689,0
177,4,0.4934895833333333,0.4423137027894877,9.686739756923476e-10,0.0917223931623931,0
178,7,0.2747395833333333,0.3964196931708623,6.720852299664111e-10,0.0154037606837606,0
179,11,0.1109375,0.0983444500690049,9.447912683317902e-10,0.0345084249084249,0
180,6,0.24296875,0.0915896930609552,8.440445901884203e-10,0.0197048107448107,0
181,19,0.0911458333333333,0.1716232768410096,1.5207686656461836e-09,0.0213052014652014,0
182,11,0.06796875,0.0648766859125834,9.522791597668543e-10,0.0168041025641025,0
183,9,0.2021484375,0.3701146108089727,7.871503318618702e-10,0.0176042979242979,0
184,3,0.771484375,0.310546875,6.205279473379863e-10,0.0092022466422466,0
185,8,0.1897321428571428,0.2787029472905586,7.38249954505964e-10,0.008101978021978,0
186,5,0.2451171875,0.1649986082076125,6.915285906371642e-10,0.0125030525030525,0
187,2,0.35546875,0.0,5.268451593600403e-10,0.0102024908424908,0
188,5,0.396484375,0.1622269904656647,4.797039755730804e-10,0.0123030036630036,0
189,6,0.29296875,0.3026575003200812,8.601826111498728e-10,0.0182044444444444,0
190,27,0.0655048076923077,0.0776148283219372,1.641525021929383e-09,0.0617150671550671,0
191,7,0.3092447916666667,0.3230984084080917,7.222573310156301e-10,0.0126030769230769,0
192,12,0.1129261363636363,0.1101264585542851,1.062963172030537e-09,0.0419102319902319,0
193,7,0.1998697916666666,0.1511440587744724,1.0705374567096178e-09,0.0818199755799755,0
194,28,0.0601851851851851,0.0896470223077502,2.839239085810743e-09,0.046211282051282,0
195,12,0.1594460227272727,0.1823528404833188,1.6272996914838142e-09,0.0388094749694749,0
196,9,0.21484375,0.3150106664395717,1.477514932666031e-09,0.0105025641025641,0
197,13,0.1474609375,0.2534407040118704,7.01297704561498e-10,0.0194047374847374,0
198,11,0.165625,0.2191068517869762,7.55551304320764e-10,0.016203956043956,0
199,4,0.2330729166666666,0.2467714159448589,4.875476883718641e-10,0.0140034188034188,0
200,12,0.1463068181818181,0.0926091156349246,9.784706824599222e-10,0.0153037362637362,0
201,16,0.11796875,0.1372363713254738,1.399817040248874e-09,0.0149036385836385,0
202,12,0.1732954545454545,0.1875242107302965,9.72566746948615e-10,0.0209051037851037,0
203,6,0.35859375,0.3397799868343116,6.279095351911857e-10,0.0146035653235653,0
204,15,0.0970982142857142,0.0901327013820087,8.698653696836502e-10,0.0208050793650793,0
205,11,0.15,0.1717169017188974,1.1105220693361718e-09,0.0230056166056166,0
206,9,0.1611328125,0.1341805403903024,9.67554477652062e-10,0.0127031013431013,0
207,8,0.0943080357142857,0.0682813193211715,1.2576919996233752e-09,0.012403028083028,0
208,3,0.318359375,0.041015625,6.112479700062689e-10,0.0083020268620268,0
209,6,0.29609375,0.1466878794733055,5.437079436406931e-10,0.0099024175824175,0
210,9,0.18212890625,0.3297193032785126,8.549914335871865e-10,0.0107026129426129,0
211,2,0.33984375,0.0,6.853052330673666e-10,0.0140034188034188,0
212,2,1.37890625,0.0,6.897350546617944e-10,0.0068016605616605,0
213,5,0.31640625,0.4514465816830173,7.348442052897752e-10,0.0057013919413919,0
214,6,0.240625,0.4442737336267192,6.521743190756468e-10,0.0049011965811965,0
215,1,0.0,0.0,4.3858289316164767e-10,0.0054013186813186,0
216,5,0.46484375,0.2988089761021558,1.328997956705145e-09,0.0065015873015873,0
217,15,0.1138392857142857,0.148407077642395,8.11243804960895e-10,0.0371090598290598,0
218,45,0.0443892045454545,0.0386707173578712,2.2500511708902276e-09,0.0563137484737484,0
219,11,0.1515625,0.20311598537689,9.905632458645851e-10,0.019304713064713,0
220,4,0.4700520833333333,0.4877271161216559,5.685624401798852e-10,0.0190046398046398,0
221,13,0.1139322916666666,0.1008063969218881,1.1957354169135874e-09,0.0163039804639804,0
222,12,0.037997159090909,0.0436602070718854,8.531839186200447e-10,0.0265064713064713,0
223,14,0.1045673076923077,0.138955381629706,9.18629194466248e-10,0.0510124542124542,0
224,15,0.1183035714285714,0.1747578627892448,9.229121795756981e-10,0.0182044444444444,0
225,1,0.0,0.0,4.12810770504509e-10,0.0096023443223443,0
226,11,0.131640625,0.1404300949663768,9.320274792129758e-10,0.0159038827838827,0
227,16,0.10703125,0.0873207799999041,1.146490618491534e-09,0.0149036385836385,0
228,11,0.188671875,0.1501753735546065,8.022118138017863e-10,0.0172042002442002,0
229,9,0.21826171875,0.2627547526560366,1.190260567265203e-09,0.0165040293040293,0
230,8,0.2600446428571428,0.226811143030931,9.322651803091935e-10,0.0211051526251526,0
231,10,0.2013888888888889,0.2217605882199411,7.998147014873777e-10,0.0148036141636141,0
232,13,0.1354166666666666,0.1598728225502726,1.0385068601185818e-09,0.0298072771672771,0
233,9,0.21826171875,0.2028096024551659,8.182212669406463e-10,0.0177043223443223,0
234,12,0.1484375,0.1879581287617368,1.0829546723562862e-09,0.0217052991452991,0
235,10,0.2165798611111111,0.1467155133732981,7.937419442012503e-10,0.0241058852258852,0
236,18,0.1091452205882353,0.1239723279230823,2.009539555981005e-09,0.042410354090354,0
237,1,0.0,0.0,5.422967881816325e-10,0.0117028571428571,0
238,7,0.1653645833333333,0.1618411540254354,5.535595944149628e-10,0.0160039072039072,0
239,10,0.1458333333333333,0.1200885135434253,9.197740980021201e-10,0.0223054456654456,0
240,10,0.1506076388888889,0.1750138642270437,8.60431704972971e-10,0.0172042002442002,0
241,7,0.3190104166666667,0.4233773564554455,7.718713427733572e-10,0.0130031746031746,0
242,5,0.1181640625,0.0883181874467921,1.0175067193968863e-09,0.0260063492063492,0
243,4,0.30859375,0.4198446513295126,5.105431315839397e-10,0.0066016117216117,0
244,4,0.37890625,0.2938961017431018,6.847675159259406e-10,0.0059014407814407,0
245,3,0.41015625,0.40234375,5.81240577400147e-10,0.0056013675213675,0
246,3,0.6171875,0.58984375,5.695775063463365e-10,0.0153037362637362,0
247,6,0.1890625,0.2006854708321581,9.3280851898068e-10,0.0136033211233211,0
248,6,0.2078125,0.2269312731519721,1.4585187984011815e-09,0.0084020512820512,0
249,1,0.0,0.0,4.2914672604605054e-10,0.0054013186813186,0
250,1,0.0,0.0,5.18671282855406e-10,0.0065015873015873,0
251,3,0.337890625,0.279296875,6.812976365417411e-10,0.0104025396825396,0
252,0,0.0,0.0,3.520865106945693e-10,0.0069016849816849,0
253,1,0.0,0.0,6.849830919656926e-10,0.0080019536019536,0
254,5,0.423828125,0.6317657478884702,6.490303917630496e-10,0.0067016361416361,0
255,4,0.4986979166666667,0.1510304413932189,5.839027774982443e-10,0.0065015873015873,0
256,5,0.1708984375,0.0973187527469935,5.929676697204742e-10,0.0079019291819291,0
257,2,0.08984375,0.0,4.1931530881994476e-10,0.0110026862026862,0
258,2,0.046875,0.0,4.68127060160027e-10,0.0056013675213675,0
259,1,0.0,0.0,4.1927406834830144e-10,0.0080019536019536,0
260,1,0.0,0.0,5.30006598265813e-10,0.0090021978021978,0
261,10,0.1414930555555555,0.1842139879448693,1.440390135583874e-09,0.0089021733821733,0
262,8,0.2483258928571428,0.2997384312901553,7.663664013709801e-10,0.0099024175824175,0
263,9,0.1767578125,0.1719166098425224,1.014649912911417e-09,0.0115028083028083,0
264,0,0.0,0.0,4.588841902844305e-10,0.0080019536019536,0
265,1,0.0,0.0,4.157040450137977e-10,0.0073017826617826,0
266,0,0.0,0.0,5.119860874439629e-10,0.0059014407814407,0
267,3,0.634765625,0.587890625,6.144020787350112e-10,0.0084020512820512,0
268,6,0.24765625,0.11800754742812,7.81884558522894e-10,0.0067016361416361,0
269,11,0.181640625,0.2666126514406304,1.2793598520933683e-09,0.026206398046398,0
270,3,0.57421875,0.36328125,7.485377709049871e-10,0.0149036385836385,0
271,19,0.0529513888888888,0.0829379273034802,1.084985402773864e-09,0.0255062271062271,0
272,3,0.6640625,0.13671875,5.824499686736408e-10,0.013103199023199,0
273,9,0.21728515625,0.3030803057568586,7.124748396783653e-10,0.0158038583638583,0
274,10,0.1809895833333333,0.185783155478033,7.045442409582174e-10,0.01810442002442,0
275,8,0.2421875,0.2219355111147155,8.230614182995133e-10,0.0146035653235653,0
276,10,0.1875,0.163254458527682,8.442892423447024e-10,0.0186045421245421,0
277,1,0.0,0.0,5.545858267698927e-10,0.0101024664224664,0
278,8,0.2516741071428571,0.2671295456451211,9.71229394672618e-10,0.0179043711843711,0
279,16,0.0643229166666666,0.1352252252545318,8.844867148796292e-10,0.0172042002442002,0
280,4,0.2057291666666666,0.2577993473075954,6.871724219766803e-10,0.0159038827838827,0
281,4,0.109375,0.0754085012269284,6.671558778014821e-10,0.0160039072039072,0
282,6,0.1453125,0.1852304044544928,6.529479663537012e-10,0.0142034676434676,0
283,10,0.2009548611111111,0.2009693906734414,7.527117683310447e-10,0.0147035897435897,0
284,9,0.17333984375,0.2128452637668581,8.776971877604316e-10,0.0172042002442002,0
285,6,0.315625,0.2157777991215732,6.627180336028779e-10,0.0142034676434676,0
286,11,0.16484375,0.1425840110086418,8.04824165551329e-10,0.023105641025641,0
287,18,0.0840992647058823,0.1292512765517933,8.766028383945623e-10,0.0190046398046398,0
288,7,0.220703125,0.2487124027740068,7.720448764304646e-10,0.0135032967032967,0
289,9,0.1123046875,0.0995662820388657,7.194375254142308e-10,0.0128031257631257,0
290,8,0.2075892857142857,0.2872957331552662,7.12050706212794e-10,0.0145035409035409,0
291,7,0.1009114583333333,0.0849378610503016,8.996174657404053e-10,0.0123030036630036,0
292,8,0.2315848214285714,0.1672171500029289,9.387462523909407e-10,0.0147035897435897,0
293,12,0.15234375,0.1886726469845866,7.387609721458162e-10,0.0138033699633699,0
294,6,0.21953125,0.3536776648659058,6.313931670287552e-10,0.0164040048840048,0
295,8,0.12109375,0.0803532675156799,8.432026640030874e-10,0.0163039804639804,0
296,4,0.546875,0.5332090868866937,6.811585553572731e-10,0.0128031257631257,0
297,19,0.0987413194444444,0.1194714183069301,1.275312518169661e-09,0.0148036141636141,0
298,10,0.13671875,0.153502316446736,8.796537015186854e-10,0.0166040537240537,0
299,9,0.20263671875,0.2379884014669372,7.001374721212174e-10,0.0147035897435897,0
300,5,0.2724609375,0.1358054034454464,5.795874736866036e-10,0.0134032722832722,0
301,3,0.64453125,0.63671875,4.819348634424184e-10,0.0172042002442002,0
302,7,0.1803385416666666,0.2959261896249573,6.451386908861724e-10,0.0141034432234432,0
303,19,0.1032986111111111,0.1215076248171117,8.896509710612272e-10,0.0155037851037851,0
304,9,0.10400390625,0.1077929935223744,1.011223319832809e-09,0.0248060561660561,0
305,11,0.169921875,0.209982284525274,9.295322681998503e-10,0.0199048595848595,0
306,5,0.3876953125,0.2100926185905408,5.730336676364607e-10,0.0159038827838827,0
307,12,0.1129261363636363,0.149280413111585,8.813784589210984e-10,0.0198048351648351,0
308,8,0.2801339285714285,0.2890603454139227,7.694319190255544e-10,0.01810442002442,0
309,9,0.2255859375,0.1922290788038921,7.736335832546912e-10,0.0204049816849816,0
310,10,0.1189236111111111,0.1202170762554896,8.606036179196091e-10,0.0213052014652014,0
311,13,0.1233723958333333,0.1072910938432827,7.909300686086401e-10,0.0144035164835164,0
312,5,0.13671875,0.0898861992109675,9.182662811111185e-10,0.0135032967032967,0
313,12,0.1629971590909091,0.1277669056641052,1.539290973587276e-09,0.0161039316239316,0
314,19,0.0970052083333333,0.1161794753454174,1.0680463589117432e-09,0.0263064224664224,0
315,18,0.068704044117647,0.049773636397639,1.038427220514274e-09,0.0223054456654456,0
316,10,0.1866319444444444,0.171961564550563,9.593870053705791e-10,0.0182044444444444,0
317,8,0.2215401785714285,0.1629922880672203,8.049836113151701e-10,0.0142034676434676,0
318,16,0.0893229166666666,0.0704551023061653,1.4027283463996487e-09,0.0389094993894993,0
319,11,0.14375,0.1822825518554573,8.694672333923706e-10,0.0151036874236874,0
320,10,0.2026909722222222,0.2078562607665532,8.12546176562889e-10,0.0192046886446886,0
321,15,0.1258370535714285,0.166869708056545,9.685776095173987e-10,0.0215052503052503,0
322,7,0.2356770833333333,0.2060791129710902,1.1560955479811363e-09,0.0301073504273504,0
323,9,0.19921875,0.2654813490241593,8.780182136409241e-10,0.0329080341880341,0
324,5,0.189453125,0.1770031317309898,8.024488504241823e-10,0.0129031501831501,0
325,4,0.2916666666666667,0.3463198996206598,6.20307249433852e-10,0.0099024175824175,0
326,3,0.4375,0.16015625,6.098330757900353e-10,0.0070017094017094,0
327,1,0.0,0.0,4.101282343627238e-10,0.0063015384615384,0
328,0,0.0,0.0,5.379926721058244e-10,0.0059014407814407,0
329,14,0.1234975961538461,0.1413620712763633,1.6603231855077662e-09,0.0311075946275946,0
330,5,0.1669921875,0.1136972091077292,6.050877077491086e-10,0.0154037606837606,0
331,3,0.50390625,0.35546875,4.86406698883805e-10,0.007401807081807,0
332,9,0.056640625,0.0588535905207787,7.380195911574687e-10,0.0168041025641025,0
333,9,0.21142578125,0.2419939806165911,1.2404141521486415e-09,0.0135032967032967,0
334,1,0.0,0.0,6.073470043493509e-10,0.0108026373626373,0
335,2,0.89453125,0.0,6.357574992247611e-10,0.0051012454212454,0
336,4,0.13671875,0.1022114682645331,4.999363543562832e-10,0.020004884004884,0
337,9,0.220703125,0.2108922839269419,1.1367968614892263e-09,0.0482117704517704,0
338,11,0.147265625,0.1465447792125435,8.928149700256501e-10,0.0191046642246642,0
339,15,0.1127232142857142,0.1640947641987282,1.0814363828686743e-09,0.0187045665445665,0
340,9,0.21044921875,0.2183348940533869,6.935319361143534e-10,0.0137033455433455,0
341,4,0.5091145833333334,0.2148161282748897,7.674227085914356e-10,0.0134032722832722,0
342,14,0.1231971153846153,0.0968247701545274,1.071168919984167e-09,0.0251061294261294,0
343,13,0.1067708333333333,0.1341303843847134,1.075467225262612e-09,0.0208050793650793,0
344,19,0.091796875,0.1445913562142761,9.264013537422421e-10,0.0189046153846153,0
345,6,0.36953125,0.3796714245568133,7.947706317898625e-10,0.0220053724053724,0
346,9,0.22607421875,0.3864199321960671,1.2884626169939812e-09,0.0226055189255189,0
347,16,0.1252604166666666,0.1418886129054133,1.1847163496946003e-09,0.020004884004884,0
348,14,0.1265024038461538,0.1882842327251525,1.2760824266905423e-09,0.0184044932844932,0
349,10,0.1762152777777778,0.2104099341148806,1.6009844689231707e-09,0.0260063492063492,0
350,13,0.1240234375,0.1288778871101247,8.783312442882038e-10,0.0184044932844932,0
351,3,0.25,0.1875,5.247467609317997e-10,0.0159038827838827,0
352,12,0.1470170454545454,0.2442309362921145,1.1117630478665275e-09,0.0569138949938949,0
353,12,0.1690340909090909,0.1453026758986952,9.58710632750525e-10,0.0120029304029304,0
354,10,0.09375,0.1172887294259223,8.988722301050596e-10,0.02240547008547,0
355,12,0.1509232954545454,0.1188479981130317,7.748616496784995e-10,0.0251061294261294,0
356,15,0.1110491071428571,0.086073278057893,9.884588456245963e-10,0.0235057387057387,0
357,11,0.1453125,0.1442332231361762,9.262347629921459e-10,0.0219053479853479,0
358,14,0.1394230769230769,0.1726135833616962,9.590244274553455e-10,0.0260063492063492,0
359,8,0.1819196428571428,0.1529771223423303,6.624612939631254e-10,0.0204049816849816,0
360,11,0.15078125,0.2833967549269486,6.885463808783976e-10,0.0223054456654456,0
361,18,0.0629595588235294,0.0664249318571862,9.993355023016766e-10,0.0282068864468864,0
362,8,0.1300223214285714,0.2003558049595641,2.914852512202557e-09,0.029307155067155,0
363,4,0.1966145833333333,0.0959662800660847,8.21196186122926e-10,0.0068016605616605,0
364,3,0.466796875,0.439453125,5.791814073865354e-10,0.0089021733821733,0
365,3,0.15234375,0.13671875,4.6420744439431477e-10,0.007401807081807,0
366,13,0.1214192708333333,0.2308736860899596,8.17923960620847e-10,0.0722176312576312,0
367,55,0.0328414351851851,0.0287886916651274,5.199767258289465e-09,0.0829202442002442,0
368,1,0.0,0.0,5.689563770664961e-10,0.0058014163614163,0
369,0,0.0,0.0,4.4268312351101945e-10,0.0051012454212454,0
370,5,0.3857421875,0.3643232598711005,4.3156408763236825e-10,0.0079019291819291,0
371,6,0.0453125,0.0106548294507702,6.72684868380839e-10,0.0165040293040293,0
372,8,0.2477678571428571,0.2005204882274616,1.2573435381370935e-09,0.0157038339438339,0
373,20,0.0958059210526315,0.0947839809282087,8.706190844941415e-10,0.0255062271062271,0
374,25,0.06787109375,0.0730950127218424,1.3218847038801823e-09,0.0321078388278388,0
375,13,0.1520182291666666,0.1240857919586476,1.1010677331419087e-09,0.014303492063492,0
376,11,0.17578125,0.1489198577203104,1.025225003298492e-09,0.0192046886446886,0
377,7,0.189453125,0.3713112712266811,7.709328564868855e-10,0.0195047619047619,0
378,9,0.0791015625,0.0993361371901256,1.131817135686183e-09,0.0165040293040293,0
379,4,0.0989583333333333,0.1101319294468255,6.29515868916052e-10,0.0096023443223443,0
380,5,0.3359375,0.2721089376073142,4.991104034959919e-10,0.0085020757020757,0
381,3,0.3984375,0.0234375,6.673625873960696e-10,0.0144035164835164,0
382,15,0.1375558035714285,0.1701553748413852,1.468254562262117e-09,0.0156038095238095,0
383,5,0.228515625,0.3486697393784025,8.02709301450144e-10,0.0115028083028083,0
384,6,0.11015625,0.1245940674375188,5.17723343686313e-10,0.01810442002442,0
385,8,0.0876116071428571,0.1123995308532609,8.379511852955075e-10,0.0165040293040293,0
386,11,0.083984375,0.0719482049077885,7.905397004298102e-10,0.0328080097680097,0
387,4,0.5,0.6164206074056698,7.332722995783891e-10,0.0066016117216117,0
388,15,0.0368303571428571,0.0316903367511176,1.3693843611025384e-09,0.0304074236874236,0
389,27,0.064453125,0.0879306799753048,2.1356474394148958e-09,0.0266064957264957,0
390,4,0.5104166666666666,0.5543053016204282,1.2247605512386302e-09,0.0091022222222222,0
391,10,0.1896701388888889,0.4115700299633626,1.1416953694898404e-09,0.0217052991452991,0
392,6,0.23984375,0.1973889620615853,1.502215745902788e-09,0.0302073748473748,0
393,4,0.6106770833333334,0.565802779573646,4.72129209863871e-10,0.0107026129426129,0
394,8,0.2700892857142857,0.2434481569901495,1.377618776937687e-09,0.0073017826617826,0
395,3,0.037109375,0.001953125,6.991128639709224e-10,0.007401807081807,0
396,14,0.079326923076923,0.1147317265748242,1.167823071830913e-09,0.0158038583638583,0
397,3,0.44921875,0.4140625,5.795795745429443e-10,0.0139033943833943,0
398,3,0.068359375,0.052734375,5.65130533057788e-10,0.0051012454212454,0
399,8,0.22265625,0.2115669345652559,8.26897214856521e-10,0.0104025396825396,0
400,2,0.0390625,0.0,1.3117614824803468e-09,0.0076018559218559,0
401,5,0.072265625,0.0741930465360257,7.775688266759694e-10,0.0127031013431013,0
402,19,0.10546875,0.1464424129712436,1.1117966174799964e-09,0.0209051037851037,0
403,15,0.1333705357142857,0.1503406626688932,1.1001045401929675e-09,0.0163039804639804,0
404,9,0.22705078125,0.1686762613324262,8.063351359267682e-10,0.0132032234432234,0
405,10,0.1666666666666666,0.1178655154440974,9.716902698716455e-10,0.0192046886446886,0
406,10,0.1514756944444444,0.1934527585402806,1.0685116786893916e-09,0.015003663003663,0
407,10,0.2144097222222222,0.1874859337573549,9.104788109839047e-10,0.0169041269841269,0
408,16,0.0807291666666666,0.1301953118488932,1.307397483394793e-09,0.0188045909645909,0
409,10,0.1762152777777778,0.1689344057016922,1.40323317878406e-09,0.0257062759462759,0
410,12,0.1388494318181818,0.1261308448577711,9.954980000095042e-10,0.017404249084249,0
411,17,0.113525390625,0.0803571352882987,1.1039962235990166e-09,0.0180043956043956,0
412,16,0.1083333333333333,0.0936247716860441,1.3464223325959244e-09,0.0310075702075702,0
413,12,0.1075994318181818,0.0768966580935451,9.744598526664114e-10,0.0173042246642246,0
414,13,0.1165364583333333,0.1424651140784426,1.332420601376645e-09,0.0148036141636141,0
415,14,0.1442307692307692,0.1214418223542284,1.1004523820472194e-09,0.0145035409035409,0
416,9,0.21337890625,0.203077457439502,6.709063823589923e-10,0.0167040781440781,0
417,16,0.1075520833333333,0.1459834606725383,1.379688000248039e-09,0.0195047619047619,0
418,33,0.0555419921875,0.0518841909975914,1.905124300398167e-09,0.0491119902319902,0
419,11,0.179296875,0.1838134489998028,9.642896557044907e-10,0.0221053968253968,0
420,12,0.1743607954545454,0.1247808884745038,1.016951156969472e-09,0.0182044444444444,0
421,16,0.125,0.1532790466627233,1.586718220051553e-09,0.0338082539682539,0
422,10,0.1896701388888889,0.2957943090132039,9.685218705880335e-10,0.0263064224664224,0
423,12,0.1704545454545454,0.1431112360415054,1.2422193504840023e-09,0.0304074236874236,0
424,21,0.0787109375,0.0649339898255757,1.6029161630409336e-09,0.0317077411477411,0
425,9,0.1767578125,0.3270930456837442,1.2348249547668618e-09,0.0301073504273504,0
426,10,0.1519097222222222,0.1136390488775049,1.0089087519390286e-09,0.0179043711843711,0
427,6,0.2859375,0.1596963671706404,9.277636887197895e-10,0.0290070818070818,0
428,19,0.1061197916666666,0.1013724350025292,2.5118460948646388e-09,0.0353086202686202,0
429,2,1.4140625,0.0,6.416042166099401e-10,0.0084020512820512,0
430,3,0.751953125,0.626953125,6.96382755929459e-10,0.0071017338217338,0
431,2,0.20703125,0.0,4.3535406461373717e-10,0.0056013675213675,0
432,6,0.3609375,0.4970653625121901,6.321375064106292e-10,0.006201514041514,0
433,5,0.380859375,0.3421984248398736,8.024219919380746e-10,0.0072017582417582,0
434,3,0.025390625,0.005859375,7.334067055693085e-10,0.0076018559218559,0
435,9,0.22216796875,0.1870359400110977,9.26676339914664e-10,0.0063015384615384,0
436,2,0.109375,0.0,7.083793299466946e-10,0.0063015384615384,0
437,3,0.271484375,0.248046875,6.286551371315565e-10,0.0065015873015873,0
438,7,0.2252604166666666,0.2351837896849091,9.435174376566315e-10,0.0091022222222222,0
439,4,0.5143229166666666,0.273722569655644,6.00063299721324e-10,0.0056013675213675,0
440,1,0.0,0.0,5.118421627636371e-10,0.0054013186813186,0
441,5,0.2490234375,0.2458824582774749,9.642828420816055e-10,0.0069016849816849,0
442,1,0.0,0.0,5.388475156389531e-10,0.0051012454212454,0
443,4,0.4140625,0.5580334821383929,8.076961838866601e-10,0.0068016605616605,0
444,7,0.3216145833333333,0.4603615015735746,8.061865080995687e-10,0.0056013675213675,0
445,25,0.04931640625,0.0676282751732237,1.7166823368345802e-09,0.0482117704517704,0
446,7,0.1145833333333333,0.1424338715653591,9.001770284050502e-10,0.0215052503052503,0
447,2,0.4609375,0.0,1.065734609062505e-09,0.0055013431013431,0
448,5,0.3369140625,0.4192934523773808,7.104710894603293e-10,0.0044010744810744,0
449,2,0.0078125,0.0,5.513054738386697e-10,0.0061014896214896,0
450,4,0.1653645833333333,0.1186683061465046,6.59958316002272e-10,0.0057013919413919,0
451,11,0.148828125,0.2290238738962668,9.804330075978996e-10,0.0076018559218559,0
452,1,0.0,0.0,6.410375305063949e-10,0.0066016117216117,0
453,6,0.284375,0.4128327847968532,6.477672002397277e-10,0.0057013919413919,0
454,1,0.0,0.0,8.535363471489843e-10,0.0111027106227106,0
455,19,0.0740017361111111,0.1611928272191387,5.44220965999812e-09,0.0194047374847374,0
456,9,0.236328125,0.5370525538126046,1.5960193137906046e-09,0.0147035897435897,0
457,1,0.0,0.0,2.6164203413874315e-09,0.012403028083028,0
458,31,0.0561197916666666,0.0917843150390968,2.266066834326049e-09,0.0328080097680097,0
459,10,0.12890625,0.2145555200421456,1.0103660525134883e-09,0.0133032478632478,0
460,12,0.1626420454545454,0.1716187456255216,8.16738516028809e-10,0.0277067643467643,0
461,8,0.0546875,0.0576750900790367,6.095840250616464e-10,0.011202735042735,0
462,11,0.14921875,0.2855775996637122,1.5512651156438354e-09,0.0196047863247863,0
463,5,0.138671875,0.1745726681215536,6.547003276642125e-10,0.0111027106227106,0
464,3,0.564453125,0.095703125,5.127685918494068e-10,0.0117028571428571,0
465,10,0.1427951388888889,0.147820711328703,7.904613169780292e-10,0.0135032967032967,0
466,4,0.5143229166666666,0.3463198996206598,5.314702529803833e-10,0.0111027106227106,0
467,9,0.2421875,0.3843539596629567,8.907473656786842e-10,0.0098023931623931,0
468,5,0.4443359375,0.6373437727441618,9.613247839953423e-10,0.0085020757020757,0
469,3,0.216796875,0.119140625,5.831170770960147e-10,0.0083020268620268,0
470,16,0.0625,0.0733848437107985,1.2034559201926987e-09,0.0423103296703296,0
471,4,0.3984375,0.2465789694013698,5.709637815993701e-10,0.015003663003663,0
472,2,0.76953125,0.0,5.766007838252e-10,0.0083020268620268,0
473,10,0.1740451388888889,0.1674694929146761,6.135590769290401e-10,0.0170041514041514,0
474,6,0.24453125,0.2222735197411626,6.665634420270409e-10,0.0158038583638583,0
475,10,0.2178819444444444,0.1528135315644699,6.434466592562401e-10,0.0287070085470085,0
476,5,0.353515625,0.3020405355369074,5.832922209810944e-10,0.0105025641025641,0
477,20,0.0935444078947368,0.09060012777778,1.2806331254491164e-09,0.0416101587301587,0
478,11,0.16796875,0.2083610007669981,7.852864134915415e-10,0.02240547008547,0
479,5,0.1806640625,0.2181278646111592,5.018100890024538e-10,0.0084020512820512,0
480,0,0.0,0.0,3.7081580135752526e-10,0.0073017826617826,0
481,1,0.0,0.0,4.140944390028639e-10,0.0091022222222222,0
482,4,0.58984375,0.5638366641627403,6.262305705758086e-10,0.014303492063492,0
483,7,0.1796875,0.1866980462719704,6.959205267412684e-10,0.0089021733821733,0
484,2,0.8671875,0.0,5.550133891766217e-10,0.0118028815628815,0
485,6,0.33515625,0.2725588561726164,7.666446388644763e-10,0.0110026862026862,0
486,15,0.1202566964285714,0.1934406877833381,8.699154300115837e-10,0.0185045177045177,0
487,3,0.525390625,0.505859375,5.948308688750539e-10,0.010002442002442,0
488,3,0.701171875,0.658203125,5.25973623033204e-10,0.0115028083028083,0
489,9,0.1640625,0.1265016008961818,5.443559418891376e-10,0.0123030036630036,0
490,8,0.2299107142857142,0.2679652404646125,8.642245058224911e-10,0.0117028571428571,0
491,5,0.33984375,0.3131219396993666,4.705905348318923e-10,0.0120029304029304,0
492,4,0.5859375,0.7899708571068461,6.153953401435085e-10,0.0107026129426129,0
493,5,0.1904296875,0.2277610907089224,5.623376930969076e-10,0.0111027106227106,0
494,4,0.4309895833333333,0.5082163191397249,6.402429269702621e-10,0.0087021245421245,0
495,18,0.041360294117647,0.0362512980206992,1.3072493540685503e-09,0.0216052747252747,0
496,5,0.2333984375,0.2478603352466348,6.700850880566997e-10,0.0180043956043956,0
497,6,0.23203125,0.2516862079368375,6.456688087998183e-10,0.0148036141636141,0
498,3,0.546875,0.17578125,5.584069064838296e-10,0.016203956043956,0
499,7,0.2734375,0.1920826695803788,6.261634173722085e-10,0.0182044444444444,0
500,8,0.1635044642857142,0.1650616441840435,9.50335895884488e-10,0.0142034676434676,0
501,17,0.099853515625,0.109670784048765,2.484687028404118e-09,0.0296072283272283,0
502,18,0.0772058823529411,0.0769737022233184,1.3034715396952115e-09,0.0263064224664224,0
503,14,0.0682091346153846,0.1245919514040123,1.0162797087934447e-09,0.0116028327228327,0
504,8,0.2399553571428571,0.2525233385481025,1.271185423510572e-09,0.0178043467643467,0
505,14,0.1346153846153846,0.1271655063816977,9.765752205098015e-10,0.0234057142857142,0
506,24,0.0681046195652173,0.1163570329674273,1.5358822945132467e-09,0.0211051526251526,0
507,35,0.0428538602941176,0.0458046973186073,3.5072755329394517e-09,0.0590144078144078,0
508,15,0.13671875,0.2143561837717899,5.910527365326471e-10,0.0291071062271062,0
509,24,0.0750679347826086,0.1413541470044457,1.6627702754548562e-09,0.0407099389499389,0
510,23,0.0626775568181818,0.1132229306723659,2.9121651185882526e-09,0.0532129914529914,0
511,53,0.0356069711538461,0.031340518749145,4.19115677414813e-09,0.0591144322344322,0
512,24,0.0726902173913043,0.0560029477408043,1.2197032829129895e-09,0.0346084493284493,0
513,10,0.1558159722222222,0.1458036200715349,1.3807787249994781e-09,0.0180043956043956,0
514,13,0.1279296875,0.1593613163677422,1.257636678246797e-09,0.0407099389499389,0
515,0,0.0,0.0,4.904542325573117e-10,0.0088021489621489,0
516,2,0.30078125,0.0,6.391783362479333e-10,0.0067016361416361,0
517,6,0.31875,0.1789318349609705,5.949499890562733e-10,0.0065015873015873,0
518,2,0.3984375,0.0,5.856764736014391e-10,0.0070017094017094,0
519,4,0.34765625,0.1942418572000938,5.672196859238984e-10,0.0061014896214896,0
520,3,0.06640625,0.0546875,7.62474932856114e-10,0.0060014652014652,0
521,5,0.3955078125,0.4745440654010165,5.982565831710176e-10,0.0064015628815628,0
522,5,0.283203125,0.3698014092393248,8.79527581359083e-10,0.0065015873015873,0
523,0,0.0,0.0,5.394165958282831e-10,0.0052012698412698,0
524,3,0.587890625,0.478515625,7.173895186772933e-10,0.0065015873015873,0
525,7,0.3118489583333333,0.2629732901028328,1.1813707094441982e-09,0.0061014896214896,0
526,2,0.61328125,0.0,7.48635055463123e-10,0.0056013675213675,0
527,6,0.32890625,0.2762401016326196,7.955286275355526e-10,0.0057013919413919,0
528,4,0.4895833333333333,0.4161251363751821,7.530565137722303e-10,0.0063015384615384,0
529,1,0.0,0.0,6.79516863588521e-10,0.006201514041514,0
530,4,0.3463541666666667,0.1726230564497557,6.145841387384998e-10,0.0065015873015873,0
531,4,0.3059895833333333,0.1547563153609481,9.056400811680687e-10,0.0085020757020757,0
532,7,0.205078125,0.188416677392585,1.3054790513824968e-09,0.0065015873015873,0
533,12,0.0891335227272727,0.1307368106254132,9.842074425307601e-10,0.0140034188034188,0
534,5,0.3857421875,0.6320668289487467,1.1562320999720838e-09,0.0086021001221001,0
535,1,0.0,0.0,4.800965037286006e-10,0.0085020757020757,0
536,0,0.0,0.0,4.997098532254782e-10,0.0065015873015873,0
537,3,0.32421875,0.265625,7.871332145270445e-10,0.0067016361416361,0
538,7,0.240234375,0.1688107228228525,7.842833736606628e-10,0.007401807081807,0
539,1,0.0,0.0,8.128703390393521e-10,0.0067016361416361,0
540,1,0.0,0.0,4.681734760732585e-10,0.0063015384615384,0
541,3,0.451171875,0.396484375,7.517383403887523e-10,0.0068016605616605,0
542,8,0.0926339285714285,0.1006508336878852,1.0447027983886956e-09,0.007401807081807,0
543,5,0.3916015625,0.3194583576508043,8.766350994430205e-10,0.0067016361416361,0
544,5,0.3642578125,0.5221633206059484,9.915845485342395e-10,0.0144035164835164,0
545,18,0.0948988970588235,0.1264333939033204,1.0279375123926403e-09,0.0247060317460317,0
546,7,0.3040364583333333,0.3419952301426457,1.1745704482483327e-09,0.0120029304029304,0
547,8,0.2170758928571428,0.2005204882274616,9.086310828298005e-10,0.0083020268620268,0
548,3,0.685546875,0.650390625,6.552297106383643e-10,0.0086021001221001,0
549,4,0.3333333333333333,0.3674690483824416,1.0195308015820834e-09,0.0078019047619047,0
550,6,0.3078125,0.4952866219580587,1.2191520800395e-09,0.0088021489621489,0
551,1,0.0,0.0,7.613375609941542e-10,0.0105025641025641,0
552,8,0.23828125,0.2363569474012165,1.0516766538072055e-09,0.0070017094017094,0
553,4,0.2135416666666666,0.2551618261195835,9.312657138449833e-10,0.0051012454212454,0
554,3,0.86328125,0.03515625,9.026318404580765e-10,0.0061014896214896,0
555,6,0.21484375,0.0419990001741112,9.34533136034109e-10,0.0069016849816849,0
556,2,0.015625,0.0,4.671275983547044e-10,0.0058014163614163,0
557,1,0.0,0.0,4.467357132421234e-10,0.0049011965811965,0
558,10,0.1480034722222222,0.1833252362348071,1.6744782418775091e-09,0.037409133089133,0
559,7,0.25390625,0.2590524161185821,1.2076832688683075e-09,0.0115028083028083,0
560,13,0.0442708333333333,0.0337287339765328,7.55825714538226e-10,0.0235057387057387,0
561,5,0.0810546875,0.1111523763535578,1.6195157347400934e-09,0.017404249084249,0
562,5,0.27734375,0.2609158626882308,4.329546885459201e-09,0.0221053968253968,0
563,10,0.1106770833333333,0.080075478445426,1.2755621576649504e-09,0.0113027594627594,0
564,4,0.2200520833333333,0.2566722998062845,6.639931402308346e-10,0.0080019536019536,0
565,0,0.0,0.0,5.771131915605931e-10,0.008101978021978,0
566,0,0.0,0.0,4.447265534734056e-10,0.0099024175824175,0
567,2,0.01171875,0.0,3.4327872034059075e-10,0.0094022954822954,0
568,7,0.080078125,0.0812759749145298,1.2755379844450926e-09,0.015003663003663,0
569,11,0.123046875,0.1013406531383907,1.305071886167353e-09,0.0134032722832722,0
570,13,0.1168619791666666,0.1541398721040561,9.979039939104612e-10,0.0229055921855921,0
571,0,0.0,0.0,5.429316477851276e-10,0.0087021245421245,0
572,5,0.263671875,0.326791141176091,5.641041457948509e-10,0.011202735042735,0
573,10,0.1419270833333333,0.2706830512538808,8.994040886955262e-10,0.0247060317460317,0
574,8,0.0267857142857142,0.0067427711906219,6.977450932364507e-10,0.0242059096459096,0
575,18,0.0822610294117647,0.1169457570010898,1.8140981841660066e-09,0.0182044444444444,0
576,7,0.1588541666666666,0.1303319725492421,8.695941432333946e-10,0.0099024175824175,0
577,13,0.1422526041666666,0.160136069083369,8.769624142391997e-10,0.0126030769230769,0
578,8,0.2388392857142857,0.2670117798471977,1.177304019590249e-09,0.0096023443223443,0
579,21,0.0970703125,0.180116992653332,1.2438597628057903e-09,0.0270065934065934,0
580,21,0.0732421875,0.0782896214803914,1.634800936455011e-09,0.0392095726495726,0
581,5,0.3701171875,0.3923436313812793,1.437646754954447e-09,0.0195047619047619,0
582,18,0.0799632352941176,0.0676199856410739,1.805606183103035e-09,0.0205050061050061,0
583,6,0.1703125,0.2002287510183665,6.296191844039828e-10,0.0077018803418803,0
584,1,0.0,0.0,4.4521815519984005e-10,0.0144035164835164,0
585,3,0.61328125,0.5859375,4.876088292812192e-10,0.0087021245421245,0
586,4,0.2721354166666667,0.2610149377776214,5.973915069739817e-10,0.0105025641025641,0
587,5,0.4873046875,0.186201046648372,4.5469516561692615e-10,0.0130031746031746,0
588,1,0.0,0.0,4.5062768025794576e-10,0.0098023931623931,0
589,13,0.0651041666666666,0.1146794696136499,1.252078357059183e-09,0.0282068864468864,0
590,8,0.2053571428571428,0.3497900330247331,1.2317319939358054e-09,0.0360087912087912,0
591,4,0.3880208333333333,0.1552812852882274,5.175206261759031e-10,0.0169041269841269,0
592,4,0.14453125,0.1320058222555922,5.072599047015256e-10,0.0113027594627594,0
593,9,0.0869140625,0.1062570008608072,6.016168202981389e-10,0.012403028083028,0
594,14,0.1256009615384615,0.3005210309564912,1.7111465786388519e-09,0.0132032234432234,0
595,3,0.38671875,0.31640625,5.012674963353191e-10,0.0106025885225885,0
596,8,0.1858258928571428,0.202650729188171,7.31886932808407e-10,0.014303492063492,0
597,7,0.3196614583333333,0.3588680801684077,7.611281812747013e-10,0.0109026617826617,0
598,3,0.0546875,0.00390625,4.869214220862572e-10,0.011202735042735,0
599,7,0.3294270833333333,0.3061253023483149,6.202654894962585e-10,0.0175042735042735,0
600,6,0.36015625,0.4195494351272863,5.328469361665332e-10,0.0105025641025641,0
601,4,0.37109375,0.3434983690751554,7.89069949561021e-10,0.0125030525030525,0
602,4,0.23046875,0.2900637221208902,4.751803356327738e-10,0.0088021489621489,0
603,3,0.603515625,0.580078125,5.814635913537012e-10,0.0117028571428571,0
604,6,0.284375,0.3394744760977988,7.30562515933395e-10,0.0133032478632478,0
605,1,0.0,0.0,4.1911928613079014e-10,0.010002442002442,0
606,3,0.12109375,0.109375,6.8807766244236e-10,0.0140034188034188,0
607,10,0.0763888888888889,0.0664218504732682,7.050757181022748e-10,0.019304713064713,0
608,2,0.01171875,0.0,5.992107378783201e-10,0.0138033699633699,0
609,5,0.34765625,0.4302641726901988,8.345382747869583e-10,0.0141034432234432,0
610,2,0.67578125,0.0,5.580155314029512e-10,0.0128031257631257,0
611,14,0.1259014423076923,0.1806071902178218,1.0397323315420842e-09,0.0284069352869352,0
612,11,0.1640625,0.2490950417887718,9.51547123341995e-10,0.0171041758241758,0
613,11,0.1109375,0.129840365479355,1.3956526616783022e-09,0.0130031746031746,0
614,27,0.0618990384615384,0.1094966930520729,1.1036159582176067e-09,0.0245059829059829,0
615,21,0.090625,0.135623964929806,2.0389341150387393e-09,0.0185045177045177,0
616,4,0.5559895833333334,0.6705514256264931,6.509491405796922e-10,0.0158038583638583,0
617,7,0.0455729166666666,0.0292026842343825,6.488929155653057e-10,0.0104025396825396,0
618,6,0.17734375,0.2019436802675439,6.55521990600974e-10,0.0141034432234432,0
619,0,0.0,0.0,4.1773385879527125e-10,0.0055013431013431,0
620,1,0.0,0.0,4.5431047487480627e-10,0.0048011721611721,0
621,3,0.78515625,0.3125,6.318359948625515e-10,0.0055013431013431,0
622,1,0.0,0.0,5.667690311591981e-10,0.0046011233211233,0
623,1,0.0,0.0,4.84735190235419e-10,0.0040009768009768,0
624,4,0.4270833333333333,0.5764009814034387,6.463139901684428e-10,0.0047011477411477,0
625,9,0.15673828125,0.1909416944976446,1.3708930923002004e-09,0.0158038583638583,0
626,9,0.2080078125,0.2751948966462436,9.27178456167696e-10,0.0119029059829059,0
627,6,0.203125,0.2059153298005639,6.044008386556462e-10,0.0072017582417582,0
628,7,0.0358072916666666,0.0148603023574392,1.266107861071231e-09,0.0195047619047619,0
629,24,0.0602921195652173,0.060117484763119,1.248847204891161e-09,0.0376091819291819,0
630,24,0.0752377717391304,0.11411400591835,1.841394473497266e-09,0.0271066178266178,0
631,13,0.1344401041666666,0.150972547830049,1.2873967351774701e-09,0.0207050549450549,1
632,23,0.087890625,0.095223607369132,1.5441683488744501e-09,0.0259063247863247,1
633,20,0.100328947368421,0.1228161189404279,1.5762437453271356e-09,0.0206050305250305,1
634,29,0.0673828125,0.0801877855959067,3.590330290427588e-09,0.0248060561660561,1
635,25,0.0782877604166666,0.1166299625970441,1.589259912784695e-09,0.0327079853479853,1
636,36,0.0508928571428571,0.0785062445216322,3.3471101084253553e-09,0.065015873015873,1
637,53,0.0378605769230769,0.0441844685089632,3.775134529451437e-09,0.0802195848595848,1
638,24,0.0849184782608695,0.138165469596122,3.1518421887369343e-09,0.0427104273504273,1
639,27,0.0752704326923077,0.059994843993149,5.19095961469044e-09,0.0386094261294261,1
640,21,0.0869140625,0.1116796465110103,2.252584456660979e-09,0.0738180219780219,1
641,32,0.0509072580645161,0.0490555075687178,4.575296135191969e-09,0.0603147252747252,1
642,34,0.0582386363636363,0.0661052086018628,3.159834554986798e-09,0.0960234432234432,1
643,40,0.0504807692307692,0.0762874063010761,2.102893084659625e-09,0.0742181196581196,1
644,33,0.060302734375,0.0654510918522533,3.551735976003374e-09,0.1074262271062271,1
645,22,0.0723586309523809,0.0657367229396398,4.289279927947511e-09,0.0930227106227106,1
646,26,0.07734375,0.0988644016917869,2.6429073842993252e-09,0.0223054456654456,1
647,20,0.0871710526315789,0.1394726901885506,2.301258532635879e-09,0.0517126251526251,1
648,14,0.1433293269230769,0.1288414447331182,2.519233428873138e-09,0.0108026373626373,1
649,19,0.1039496527777777,0.1252313051492156,3.6436865902124603e-09,0.0097023687423687,1
650,12,0.1740056818181818,0.1165270646068919,8.192990074310187e-09,0.0297072527472527,1
651,8,0.2237723214285714,0.1447454717577989,2.107348653595505e-09,0.0325079365079365,1
652,13,0.1569010416666666,0.1233496330418991,3.546078723923274e-09,0.0239058363858363,1
653,18,0.0891544117647058,0.0889878437553965,4.5371092725044755e-09,0.0220053724053724,1
654,26,0.07875,0.0992813532813438,3.1634181083127967e-09,0.044310818070818,1
655,20,0.0789473684210526,0.0853898043898256,2.6705150841497567e-09,0.0489119413919413,1
656,22,0.0948660714285714,0.0855149145384865,3.1859288833876743e-09,0.0498121611721611,1
657,30,0.066540948275862,0.0800048797606945,4.803029133490728e-09,0.0508124053724053,1
658,8,0.2438616071428571,0.1766268986991191,4.4744353055708355e-09,0.0096023443223443,1
659,26,0.06171875,0.0727108329918933,4.463950402509239e-09,0.0925225885225885,1
660,26,0.06859375,0.0895346585302306,4.0998868053412465e-09,0.0544132844932844,1
661,24,0.0703125,0.0932106314057855,6.516485519805117e-09,0.0595145299145299,1
662,13,0.1481119791666666,0.148843488904224,3.743957961088226e-09,0.0276067399267399,1
663,17,0.09228515625,0.0735459196969971,4.594486839737812e-09,0.051212503052503,1
664,10,0.1848958333333333,0.0975780937249749,2.7909704704805433e-09,0.0395096459096459,1
665,25,0.0709635416666666,0.0901592813735509,3.487021324939136e-09,0.0390095238095238,1
666,10,0.2105034722222222,0.2174318891021598,4.308067967181119e-09,0.0334081562881562,1
667,9,0.23486328125,0.1990696966526201,1.0275338611433502e-09,0.0115028083028083,1
668,53,0.0374098557692307,0.0489292591693744,3.5654391517386594e-09,0.0571139438339438,0
669,72,0.027893926056338,0.0257137715834279,6.629818588863059e-09,0.0767187301587301,0
670,78,0.0251116071428571,0.0202087111314613,7.713857608536236e-09,0.0802195848595848,0
671,60,0.0333024364406779,0.0227925465910939,5.047524383102736e-09,0.0739180463980463,0
672,59,0.0335398706896551,0.0399945017407091,3.7976131750914265e-09,0.0526128449328449,0
673,76,0.02640625,0.0207665596572951,7.750099399693035e-09,0.1042254456654456,0
674,60,0.0335672669491525,0.0324207872946804,3.791621174960231e-09,0.0591144322344322,0
675,56,0.0357244318181818,0.0398668478463695,5.218118934477965e-09,0.0533130158730158,0
676,46,0.0415798611111111,0.0507321848672449,4.561795296685406e-09,0.0491119902319902,0
677,33,0.061767578125,0.0745932516681468,2.784842113449313e-09,0.0737179975579975,0
678,27,0.0758713942307692,0.1590869744486392,2.8333711955292204e-09,0.1108270573870573,0
679,35,0.0505514705882352,0.0551121021254554,2.4693951994218126e-09,0.0708172893772893,0
680,49,0.03857421875,0.0435392480692595,3.961252943950974e-09,0.0707172649572649,0
681,45,0.0434126420454545,0.0882124627876723,5.639031739113297e-09,0.0639156043956044,0
682,18,0.1146599264705882,0.0809456480698425,1.513113747272687e-09,0.0214052258852258,0
683,11,0.115234375,0.111902302228956,2.172625844353465e-09,0.0166040537240537,0
684,37,0.0461154513888888,0.0737479323875379,3.0954109207443113e-09,0.0697170207570207,0
685,3,0.970703125,0.517578125,9.36483164621042e-10,0.010002442002442,0
686,6,0.3109375,0.2489062990426819,1.5529265640071496e-09,0.0168041025641025,0
687,12,0.1115056818181818,0.1066311111250483,1.4179423253727854e-09,0.0264064468864468,0
688,18,0.0948988970588235,0.1445577324821567,2.086547107851194e-09,0.0338082539682539,0
689,45,0.0306285511363636,0.0314484905162204,4.032159875476324e-09,0.0749182905982906,0
690,54,0.0356721698113207,0.0450588989965632,5.043086471350265e-09,0.0953232722832722,0
691,18,0.0875459558823529,0.12800878836481,2.417479096853238e-09,0.047411575091575,0
692,7,0.1002604166666666,0.0755320573555894,1.828962139178485e-09,0.0078019047619047,0
693,13,0.1529947916666666,0.1424115512882335,1.3817387918349455e-09,0.0203049572649572,0
694,24,0.0737092391304347,0.1304146571458514,1.1621132541061566e-09,0.0239058363858363,0
695,26,0.07078125,0.1445051496703491,1.9322425567517715e-09,0.0516126007326007,0
696,81,0.024658203125,0.0189422290298395,6.0407065811956494e-09,0.0801195604395604,0
697,59,0.0342133620689655,0.0399436602901018,5.581919917731501e-09,0.0910222222222222,0
698,52,0.0384497549019607,0.0435213501942902,3.782898079103436e-09,0.0498121611721611,0
699,27,0.0534855769230769,0.0600262514128742,3.3766572076110192e-09,0.0621151648351648,0
700,60,0.03125,0.0213954124025455,8.058583151613427e-09,0.1013247374847374,0
701,8,0.1517857142857142,0.0877057473068356,9.5734165187004e-10,0.0118028815628815,0
702,28,0.0447048611111111,0.0475968404991501,3.3134698871878356e-09,0.0741180952380952,0
703,7,0.3046875,0.3425196970081307,7.150690124491063e-10,0.0084020512820512,0
704,4,0.4244791666666667,0.569922931063868,1.0210271593570583e-09,0.0068016605616605,0
705,22,0.0816592261904761,0.181165091181275,2.040794262039683e-09,0.0635155067155067,0
706,45,0.0434126420454545,0.0501920024353187,2.9495499887441282e-09,0.0585142857142857,0
707,35,0.0521599264705882,0.057377718123284,1.523854267182163e-09,0.0349085225885225,0
708,38,0.0433910472972973,0.0689310601905706,2.1531893106998987e-09,0.0346084493284493,0
709,28,0.0732060185185185,0.090252270405317,1.6228005666092314e-09,0.0282068864468864,0
710,58,0.0287828947368421,0.0295290197576649,2.82700716460017e-09,0.065015873015873,0
711,31,0.0596354166666666,0.0935106174109463,2.423996317242654e-09,0.0435106227106227,0
712,4,0.2578125,0.2217979619777873,8.660840355208486e-10,0.0118028815628815,0
713,17,0.121337890625,0.1967353870728468,1.8030392694827214e-09,0.0176042979242979,0
714,27,0.046123798076923,0.1179463572356261,3.042367361008615e-09,0.0828202197802197,0
715,39,0.0428659539473684,0.0360749708408832,2.3487803941157874e-09,0.0564137728937728,0
716,7,0.0924479166666666,0.1019789804645899,9.094088835060101e-10,0.015003663003663,0
717,7,0.330078125,0.5345369268400444,7.125020539870011e-10,0.0053012942612942,0
718,7,0.0364583333333333,0.0188240003838554,8.102784374762395e-10,0.0352085958485958,0
719,46,0.0420138888888888,0.0493292380037369,2.985181902998981e-09,0.0595145299145299,0
720,8,0.2578125,0.5423722474969666,6.14692118355122e-10,0.0269065689865689,0
721,7,0.1380208333333333,0.1210657449695607,7.759218167872012e-10,0.0072017582417582,0
722,6,0.33203125,0.37048057894443,1.0908360778839256e-09,0.0108026373626373,0
723,2,0.25390625,0.0,7.888530317616854e-10,0.0119029059829059,0
724,8,0.1512276785714285,0.1430488390179652,7.478751909212071e-10,0.0091022222222222,0
725,8,0.2522321428571428,0.2722779715032853,1.1863956101493303e-09,0.0144035164835164,0
726,44,0.0428779069767441,0.05762269707899,3.556750084978107e-09,0.0725177045177045,0
727,25,0.0758463541666666,0.138593529193697,1.4580222221476802e-09,0.0479116971916971,0
728,3,0.017578125,0.009765625,5.002022696748544e-10,0.0089021733821733,0
729,7,0.21484375,0.2947946573022624,5.638435480139349e-10,0.0068016605616605,0
730,4,0.2526041666666667,0.2758696397933672,6.570255504335747e-10,0.008101978021978,0
731,12,0.1395596590909091,0.1580866040196966,1.5081338904384347e-09,0.0273066666666666,0
732,20,0.0999177631578947,0.1639024310648771,1.8335109202225161e-09,0.0636155311355311,0
733,49,0.033935546875,0.0350671274324128,4.180514930057054e-09,0.0677165323565323,0
734,5,0.162109375,0.2538236043380139,6.287073935425583e-10,0.0115028083028083,0
735,7,0.28125,0.3199868135914288,6.609391399283797e-10,0.0088021489621489,0
736,6,0.21171875,0.2997333613240692,1.4945168249197554e-09,0.0164040048840048,0
737,6,0.2578125,0.3277248303884297,8.76772145276037e-10,0.0080019536019536,0
738,4,0.2799479166666667,0.2939191759444205,1.1795876664480714e-09,0.0044010744810744,0
739,5,0.4765625,0.3490797751992014,6.40497546816228e-10,0.0064015628815628,0
740,1,0.0,0.0,5.140390914200437e-10,0.0049011965811965,0
741,6,0.15546875,0.1471656034668087,6.439259562785776e-10,0.0087021245421245,0
742,3,0.4765625,0.26953125,4.946202190264117e-10,0.0148036141636141,0
743,2,0.12109375,0.0,9.471831248388026e-10,0.0057013919413919,0
744,4,0.1901041666666666,0.241247616208718,1.2377648990987472e-09,0.0056013675213675,0
745,0,0.0,0.0,5.801229819330208e-10,0.0045010989010989,0
746,2,0.92578125,0.0,7.279573662414778e-10,0.0044010744810744,0
747,64,0.0236235119047619,0.0196169816268373,6.3712595819338035e-09,0.1044254945054945,0
748,11,0.151171875,0.2055522792429048,1.3212937007136294e-09,0.0142034676434676,0
749,8,0.265625,0.2559115524087375,1.114438858904289e-09,0.005001221001221,0
750,7,0.1647135416666666,0.1045829085991126,2.689320455027014e-09,0.0272066422466422,0
751,13,0.138671875,0.1726316500668915,2.898706580450227e-09,0.0308075213675213,0
752,11,0.1890625,0.2527207903033751,5.689072253380861e-09,0.0182044444444444,0
753,12,0.1349431818181818,0.1809902413800788,1.525305725511769e-09,0.013103199023199,0
754,9,0.224609375,0.2884019056450347,1.3535854232869454e-09,0.0138033699633699,0
755,7,0.166015625,0.1529061134847643,1.1763067620210476e-09,0.0191046642246642,0
756,38,0.0524704391891891,0.055973511521782,1.6731006874794075e-09,0.0527128693528693,0
757,22,0.0437127976190476,0.0443192637257006,1.3847125503718907e-09,0.0372090842490842,0
758,2,1.66796875,0.0,5.378102813213276e-10,0.0054013186813186,0
759,2,1.3984375,0.0,4.666700344599268e-10,0.0057013919413919,0
760,2,0.4375,0.0,5.427753042579623e-10,0.0059014407814407,0
761,13,0.1507161458333333,0.2790552856530415,9.59511172291621e-10,0.0369090109890109,0
762,42,0.0470655487804878,0.1032269769730941,3.27796856620689e-09,0.0783191208791208,0
763,9,0.1796875,0.193910987175213,7.232923541088031e-10,0.0116028327228327,0
764,3,0.583984375,0.568359375,7.362470923883467e-10,0.0068016605616605,0
765,2,0.5078125,0.0,6.020730319508362e-10,0.0085020757020757,0
766,5,0.2529296875,0.1381171508215913,9.518256916164996e-10,0.0137033455433455,0
767,39,0.0413240131578947,0.0505325989413721,2.8468561734358435e-09,0.0629153601953601,0
768,18,0.1119025735294117,0.2536000740808246,9.91302975277334e-10,0.0287070085470085,0
769,6,0.228125,0.2800713148579304,7.813388304245103e-10,0.0060014652014652,0
770,3,0.576171875,0.107421875,4.856449521513624e-10,0.0069016849816849,0
771,3,0.41015625,0.40234375,6.668420551433372e-10,0.0067016361416361,0
772,5,0.486328125,0.4532638863121191,8.603004437310754e-10,0.0089021733821733,0
773,14,0.098858173076923,0.1567329122154697,1.1831222950499503e-09,0.01810442002442,0
774,37,0.0378689236111111,0.0383818680654527,3.457748696536471e-09,0.0898219291819291,0
775,27,0.0733173076923077,0.0919441694475278,9.558557276734932e-10,0.0337082295482295,0
776,6,0.3703125,0.3052018895081991,8.750342934881053e-10,0.0179043711843711,0
777,9,0.2119140625,0.2059574711425482,1.522022465434782e-09,0.0211051526251526,0
778,5,0.2333984375,0.0928248212965178,6.837750372105338e-10,0.0091022222222222,0
779,3,0.572265625,0.466796875,5.670931080286047e-10,0.0095023199023199,0
780,2,0.38671875,0.0,6.332661515940475e-10,0.0077018803418803,0
781,1,0.0,0.0,4.46539229323112e-10,0.0105025641025641,0
782,5,0.416015625,0.4508504672270265,4.953188098806802e-10,0.0083020268620268,0
783,4,0.2565104166666667,0.2174985906523623,4.5893783096736386e-10,0.0086021001221001,0
784,5,0.2724609375,0.3748613737096845,6.539003174892024e-10,0.0218053235653235,0
785,15,0.1029575892857142,0.1627726664182784,1.1889811855256567e-09,0.0217052991452991,0
786,8,0.23046875,0.3083075356706989,1.2087172419647236e-09,0.0290070818070818,0
787,0,0.0,0.0,4.6089109981051364e-10,0.0091022222222222,0
788,1,0.0,0.0,8.764915282557795e-10,0.0072017582417582,0
789,2,1.109375,0.0,6.753349460538104e-10,0.0054013186813186,0
790,1,0.0,0.0,5.449124197879347e-10,0.0051012454212454,0
791,3,0.412109375,0.388671875,4.0690000273476686e-10,0.0039009523809523,0
792,3,0.46875,0.44921875,8.024193596666695e-10,0.0053012942612942,0
793,5,0.2216796875,0.3434433002346591,7.351773745603872e-10,0.0060014652014652,0
794,7,0.2083333333333333,0.2341542652688103,6.776756869948832e-10,0.0056013675213675,0
795,17,0.0712890625,0.0886415404473043,1.0046988047903796e-09,0.0286069841269841,0
796,3,0.01953125,0.0078125,5.053280941115761e-10,0.0051012454212454,0
797,4,0.2109375,0.1549096153642234,7.439335228941455e-10,0.0056013675213675,0
798,1,0.0,0.0,6.085966949992246e-10,0.005001221001221,0
799,1,0.0,0.0,6.121148194923378e-10,0.0072017582417582,0
800,13,0.1168619791666666,0.2829693644326378,8.416844449811481e-10,0.0137033455433455,0
801,4,0.2473958333333333,0.2583511838590814,1.022996918332312e-09,0.0118028815628815,0
802,11,0.18203125,0.2539795567252904,1.3803202258330463e-09,0.0078019047619047,0
803,11,0.179296875,0.2083935866644907,9.103072101827251e-10,0.0277067643467643,0
804,28,0.0678530092592592,0.1093654310678001,1.542009830415565e-09,0.0315076923076923,0
805,4,0.078125,0.0386699020961393,8.614127082662453e-10,0.0126030769230769,0
806,2,1.125,0.0,6.406822524854232e-10,0.0156038095238095,0
807,4,0.4309895833333333,0.1749352713872969,7.616191668632716e-10,0.0168041025641025,0
808,7,0.134765625,0.1624541389111061,1.5316741707366702e-09,0.0122029792429792,0
809,7,0.2317708333333333,0.4365262290567588,1.2095670387580295e-09,0.013103199023199,0
810,24,0.0810122282608695,0.114357921011585,1.0216117122939467e-09,0.0365089133089133,0
811,26,0.0765625,0.0802674971190082,2.11627926154025e-09,0.048111746031746,0
812,12,0.1058238636363636,0.1343231118586466,1.11906825791899e-09,0.0159038827838827,0
813,5,0.4345703125,0.4174516277501268,1.0010856925706399e-09,0.0103025152625152,0
814,14,0.0883413461538461,0.145454419665926,1.0386524311332575e-09,0.0221053968253968,0
815,7,0.216796875,0.3182475199716393,1.3021295005784472e-09,0.0091022222222222,0
816,8,0.1741071428571428,0.1713905655647492,1.3400919906643346e-09,0.0127031013431013,0
817,5,0.341796875,0.3299856564265568,1.262239416778107e-09,0.0090021978021978,0
818,10,0.1953125,0.2633686849952194,1.239480194883125e-09,0.0092022466422466,0
819,13,0.1526692708333333,0.2242068309325969,1.737918265014476e-09,0.0102024908424908,0
820,5,0.2353515625,0.2148859156065707,1.2080744663291023e-09,0.0094022954822954,0
821,6,0.37578125,0.6508398645572312,1.227452838431833e-09,0.0111027106227106,0
822,41,0.04873046875,0.0674096272506334,3.1462674391474753e-09,0.0741180952380952,0
823,16,0.1234375,0.2274399316875593,1.2157049412672696e-09,0.0384093772893772,0
824,5,0.4150390625,0.6695053540700163,8.218206051596619e-10,0.0110026862026862,0
825,2,0.46484375,0.0,5.377462915023011e-10,0.0089021733821733,0
826,4,0.0338541666666666,0.0092071195466998,6.772449501387228e-10,0.0090021978021978,0
827,16,0.1125,0.1014943681729845,1.087662015140266e-09,0.0099024175824175,0
828,2,1.56640625,0.0,6.034716672322554e-10,0.013103199023199,0
829,1,0.0,0.0,5.414036980944031e-10,0.0103025152625152,0
830,3,0.408203125,0.048828125,4.5443253015511477e-10,0.0084020512820512,0
831,4,0.1106770833333333,0.0703366085211953,8.678827481025282e-10,0.0098023931623931,0
832,7,0.2604166666666667,0.2660427423872143,8.581376880140615e-10,0.010002442002442,0
833,4,0.5442708333333334,0.3705290842840103,7.911768725885597e-10,0.014303492063492,0
834,3,0.505859375,0.486328125,7.753101235015153e-10,0.0073017826617826,0
835,6,0.3140625,0.2736896159144059,5.767823389217617e-10,0.0132032234432234,0
836,10,0.1723090277777778,0.219202505409269,6.312778036578973e-10,0.0097023687423687,0
837,6,0.240625,0.1603105202119468,1.0346250657834906e-09,0.0113027594627594,0
838,10,0.171875,0.1883570545302709,6.071081897790344e-10,0.0076018559218559,0
839,2,0.11328125,0.0,4.822151164870944e-10,0.0099024175824175,0
840,6,0.24375,0.2686250618019938,6.145445783781404e-10,0.0077018803418803,0
841,22,0.0924479166666666,0.1188946422253786,1.529662884185835e-09,0.0296072283272283,0
842,17,0.111083984375,0.1111821338372898,1.4494266936173983e-09,0.0264064468864468,0
843,4,0.25390625,0.2328291031551718,8.713419714464243e-10,0.009302271062271,0
844,4,0.4895833333333333,0.5119257824406098,7.750922547067807e-10,0.0080019536019536,0
845,29,0.0630580357142857,0.0612290049853721,1.7206908686318595e-09,0.0353086202686202,0
846,18,0.1043198529411764,0.1277891709479299,1.8436526176052274e-09,0.0273066666666666,0
847,9,0.103515625,0.1762796753054113,7.595170535546565e-10,0.0172042002442002,0
848,8,0.2700892857142857,0.2496547260967359,6.765362256219055e-10,0.0128031257631257,0
849,15,0.1138392857142857,0.1309435292344517,8.813210660866911e-10,0.0137033455433455,0
850,56,0.0335227272727272,0.0371378920713759,5.671699531739881e-09,0.0791193162393162,0
851,8,0.2020089285714285,0.3608623281778789,1.065929181090582e-09,0.0127031013431013,0
852,8,0.23046875,0.2896275245165578,1.8327188726685057e-09,0.0146035653235653,0
853,6,0.30625,0.3457558663864215,8.47886765927059e-10,0.0164040048840048,0
854,31,0.0584635416666666,0.0752699901999208,3.366592832618473e-09,0.0647157997557997,0
855,37,0.0539279513888888,0.0774100283568236,1.423709926113772e-09,0.0266064957264957,0
856,10,0.1536458333333333,0.1394019927461484,1.563496470217223e-09,0.015003663003663,0
857,11,0.179296875,0.2829562501553078,9.516823469676604e-10,0.0118028815628815,0
858,12,0.0941051136363636,0.1084382386933898,1.365831176734336e-09,0.0109026617826617,0
859,5,0.1552734375,0.1813858049619628,6.535042660500535e-10,0.010002442002442,0
860,3,0.416015625,0.404296875,6.99973578866951e-10,0.0120029304029304,0
861,7,0.1796875,0.2009473615711234,6.67282277494331e-10,0.0154037606837606,0
862,10,0.1527777777777778,0.1788215513629922,9.242982218843596e-10,0.0269065689865689,0
863,12,0.1505681818181818,0.2300160690325166,6.871677648363203e-10,0.0172042002442002,0
864,9,0.17431640625,0.2314674592186211,1.1981358114141996e-09,0.0145035409035409,0
865,9,0.2265625,0.2207808906136494,1.2604870572146786e-09,0.0277067643467643,0
866,5,0.15234375,0.2255669127529706,5.176142820430822e-10,0.0192046886446886,0
867,2,0.796875,0.0,5.758942262734043e-10,0.0051012454212454,0
868,3,0.603515625,0.486328125,8.80072931505223e-10,0.0066016117216117,0
869,6,0.05625,0.0482607662858765,1.181069204884452e-09,0.0089021733821733,0
870,12,0.1413352272727272,0.2455199286207707,9.360334917168708e-10,0.019304713064713,0
871,2,0.51171875,0.0,2.367461243996557e-09,0.0078019047619047,0
872,8,0.0881696428571428,0.0807013029322435,1.0321477111212114e-09,0.0068016605616605,0
873,4,0.4752604166666667,0.2155252763558462,4.477342129871892e-10,0.011202735042735,0
874,2,0.03125,0.0,3.2836589476355956e-10,0.0083020268620268,0
875,2,0.04296875,0.0,4.771537099046829e-10,0.0086021001221001,0
876,1,0.0,0.0,6.866156127145137e-10,0.0075018315018314,0
877,11,0.169140625,0.2237231156378417,1.2340254710461322e-09,0.0114027838827838,0
878,7,0.2552083333333333,0.2508699328313075,9.206245010331547e-10,0.0145035409035409,0
879,4,0.0442708333333333,0.0355638028222595,7.046292609951606e-10,0.0117028571428571,0
880,8,0.2494419642857142,0.2492265218943626,8.758872012535014e-10,0.0118028815628815,0
881,4,0.3411458333333333,0.3339228186044227,6.140798077668498e-10,0.0060014652014652,0
882,0,0.0,0.0,2.575849576078513e-10,0.0071017338217338,0
883,0,0.0,0.0,5.629980158497215e-10,0.007401807081807,0
884,3,0.01953125,0.0078125,5.489815648755666e-10,0.0080019536019536,0
885,3,0.66796875,0.58984375,6.073086739352764e-10,0.0055013431013431,0
886,3,0.72265625,0.71484375,4.5692595739671055e-10,0.0060014652014652,0
887,3,0.048828125,0.021484375,6.524581309279682e-10,0.0063015384615384,0
888,5,0.4013671875,0.6433190245675978,7.083234937630541e-10,0.0056013675213675,0
889,8,0.140625,0.2562180130297104,1.0238533167691246e-09,0.0079019291819291,0
890,5,0.0986328125,0.1168411222102709,7.404057475156948e-10,0.0072017582417582,0
891,4,0.5078125,0.6684368790904082,9.0945122347509e-10,0.0079019291819291,0
892,6,0.28359375,0.3861351341135315,1.439165505671916e-09,0.0171041758241758,0
893,9,0.2353515625,0.2383592821769321,1.2181923072963021e-09,0.0242059096459096,0
894,9,0.15966796875,0.1415232474704596,1.1395906640927243e-09,0.0251061294261294,0
895,6,0.29609375,0.1779707391240902,7.676783714458278e-10,0.0070017094017094,0
896,3,0.37109375,0.3515625,4.971012023796478e-10,0.0086021001221001,0
897,3,0.009765625,0.001953125,5.873981171199577e-10,0.0095023199023199,0
898,4,0.3997395833333333,0.2662051976357033,9.250921318286243e-10,0.0075018315018315,0
899,5,0.2880859375,0.1674769098109474,6.482901300724103e-10,0.0077018803418803,0
900,8,0.0881696428571428,0.11305698904818,7.280611959541103e-10,0.0104025396825396,0
901,5,0.2080078125,0.3106927109417345,9.296554718959135e-10,0.0225054945054945,0
902,48,0.0417220744680851,0.0720236631019794,4.539210200708598e-09,0.0778189987789987,0
903,29,0.0450613839285714,0.0808905202190602,2.4435334962592862e-09,0.0577140903540903,0
904,12,0.1725852272727272,0.1779796102674996,1.195090249521625e-09,0.0086021001221001,0
905,2,0.87109375,0.0,7.46338652571482e-10,0.0132032234432234,0
906,3,0.17578125,0.08984375,5.820078612203154e-10,0.0098023931623931,0
907,2,0.04296875,0.0,6.287453518279981e-10,0.0099024175824175,0
908,6,0.253125,0.2880726294595687,6.249882968747436e-10,0.0103025152625152,0
909,2,0.62890625,0.0,5.831312768025793e-10,0.0097023687423687,0
910,3,0.4375,0.10546875,6.557589060922964e-10,0.0087021245421245,0
911,12,0.1274857954545454,0.1896792211030488,1.1551955673993791e-09,0.032407912087912,0
912,4,0.5651041666666666,0.7579489603654703,7.230778356365008e-10,0.0147035897435897,0
913,2,0.046875,0.0,7.050273285678503e-10,0.0075018315018315,0
914,3,0.88671875,0.86328125,5.520894871412842e-10,0.0092022466422466,0
915,4,0.4622395833333333,0.5194414996620703,5.818966442592814e-10,0.005001221001221,0
916,2,0.39453125,0.0,4.5191380049581735e-10,0.0061014896214896,0
917,4,0.2356770833333333,0.3194910282685528,4.798711923611764e-10,0.0053012942612942,0
918,3,0.529296875,0.478515625,5.483902513106382e-10,0.0065015873015873,0
919,11,0.18984375,0.3287995298953071,6.503691306404218e-10,0.0139033943833943,0
920,3,0.25390625,0.03125,7.67038250211327e-10,0.0142034676434676,0
921,4,0.5703125,0.4652320244657945,6.462882364210201e-10,0.0146035653235653,0
922,6,0.36640625,0.3233034897497628,7.06637362614068e-10,0.0134032722832722,0
923,2,0.02734375,0.0,5.850086855638594e-10,0.0073017826617826,0
924,1,0.0,0.0,6.738404588221436e-10,0.0052012698412698,0
925,1,0.0,0.0,4.694340993848775e-10,0.0070017094017094,0
926,1,0.0,0.0,4.799454066910568e-10,0.0105025641025641,0
927,3,0.591796875,0.146484375,5.685814734821716e-10,0.0078019047619047,0
928,5,0.2177734375,0.2787209287802706,6.769544009527982e-10,0.0083020268620268,0
929,4,0.3268229166666667,0.4290636253728058,4.822902992832022e-10,0.0090021978021978,0
930,6,0.3578125,0.3291242226063739,6.09959904100529e-10,0.0091022222222222,0
931,4,0.0494791666666666,0.0255818785213391,9.057555377166753e-10,0.0070017094017094,0
932,4,0.2109375,0.1819099425912219,1.4868373565388787e-09,0.0130031746031746,0
933,3,0.37109375,0.3359375,6.912024405628457e-10,0.0067016361416361,0
934,4,0.24609375,0.213096589015404,4.075860011986385e-10,0.0079019291819291,0
935,4,0.3658854166666667,0.2600192279715685,6.697485929228145e-10,0.0097023687423687,0
936,9,0.18115234375,0.3761372804826994,1.030438689693497e-09,0.0173042246642246,0
937,6,0.15625,0.1219100510494315,9.95629348023178e-10,0.0091022222222222,0
938,5,0.3603515625,0.2543321998074304,6.876851814580752e-10,0.0073017826617826,0
939,8,0.2338169642857142,0.1879346312466417,8.502451407571026e-10,0.015003663003663,0
940,11,0.123046875,0.1158813933056257,2.224589002267574e-09,0.0149036385836385,0
941,20,0.0639391447368421,0.0993820413311851,1.384139338914121e-09,0.0319077899877899,0
942,5,0.2822265625,0.2728282134784162,9.57666687887899e-10,0.0097023687423687,0
943,7,0.2278645833333333,0.2319170886853867,8.846563356536455e-10,0.0110026862026862,0
944,11,0.08671875,0.1314707035747413,1.7115811829539506e-09,0.0098023931623931,0
945,10,0.1284722222222222,0.1803791455910548,1.4912074284842143e-09,0.0099024175824175,0
946,5,0.2373046875,0.2214257218137985,1.1367255973998187e-09,0.0105025641025641,0
947,6,0.27734375,0.3818626609094885,8.607259492389984e-10,0.0158038583638583,0
948,10,0.2113715277777778,0.2654235119981849,9.77622589654698e-10,0.009302271062271,0
949,9,0.2177734375,0.2267371195338595,1.7920529606484275e-09,0.0089021733821733,0
950,9,0.22119140625,0.1756937444955238,2.371627412744629e-09,0.0137033455433455,0
951,31,0.0458333333333333,0.0479894996743355,1.7162144791279975e-09,0.0508124053724053,0
952,27,0.0609975961538461,0.1440597694246991,1.6990015392731163e-09,0.0445108669108669,0
953,4,0.11328125,0.1091422374463327,9.250069970665779e-10,0.0096023443223443,0
954,3,0.150390625,0.087890625,6.017643299923518e-10,0.0086021001221001,0
955,15,0.1037946428571428,0.1328183615903392,1.080900480363907e-09,0.0103025152625152,0
956,1,0.0,0.0,4.815670832969939e-10,0.0108026373626373,0
957,11,0.13203125,0.1318762959059549,1.045944373256644e-09,0.0159038827838827,0
958,3,0.806640625,0.013671875,6.62932679612224e-10,0.0106025885225885,0
959,7,0.3059895833333333,0.3052850932697878,6.406158447038138e-10,0.0110026862026862,0
960,5,0.3564453125,0.342130138867342,7.345631468399324e-10,0.0115028083028083,0
961,8,0.2756696428571428,0.2688296148981749,9.56179091733121e-10,0.0116028327228327,0
962,2,1.11328125,0.0,7.246425788908046e-10,0.0145035409035409,0
963,1,0.0,0.0,6.353996780336064e-10,0.0118028815628815,0
964,14,0.1463341346153846,0.1646025864804499,8.372570483376342e-10,0.0091022222222222,0
965,6,0.3203125,0.2353106324627087,7.858645948174908e-10,0.0104025396825396,0
966,11,0.153125,0.1646084665672607,9.699880894377803e-10,0.0219053479853479,0
967,4,0.6145833333333334,0.5933586749547842,5.6320468875557e-10,0.0087021245421245,0
968,5,0.1650390625,0.1570869916225138,6.214415021706688e-10,0.0096023443223443,0
969,2,0.0625,0.0,5.95751057381094e-10,0.010002442002442,0
970,3,0.44921875,0.4296875,4.659860958066657e-10,0.0097023687423687,0
971,4,0.5950520833333334,0.2082275121870239,4.967711062276653e-10,0.0086021001221001,0
972,2,1.640625,0.0,5.017293271886334e-10,0.010002442002442,0
973,5,0.3046875,0.1713415015582914,7.098842158151338e-10,0.0106025885225885,0
974,7,0.2233072916666666,0.3501811451885003,8.183835592847154e-10,0.0113027594627594,0
975,3,0.560546875,0.537109375,5.527139696553616e-10,0.0084020512820512,0
976,10,0.0759548611111111,0.0980998796922831,1.1648442910133043e-09,0.0286069841269841,0
977,6,0.128125,0.1238077911143923,8.346287276690205e-10,0.0123030036630036,0
978,32,0.03515625,0.0312972173525394,1.6341960003032e-09,0.0647157997557997,0
979,2,0.04296875,0.0,4.4436397381108915e-10,0.0113027594627594,0
980,8,0.2220982142857142,0.2055405455285799,9.921923842611226e-10,0.0101024664224664,0
981,1,0.0,0.0,6.784828142028231e-10,0.0083020268620268,0
982,5,0.3291015625,0.2130137796019144,1.0862449137761063e-09,0.0068016605616605,0
983,10,0.1710069444444444,0.2662929317800433,8.111152569385741e-10,0.0096023443223443,0
984,4,0.19921875,0.145565695631875,7.729736448600917e-10,0.0140034188034188,0
985,3,0.51171875,0.484375,5.180104476249737e-10,0.0059014407814407,0
986,2,1.49609375,0.0,4.2064645079898047e-10,0.0058014163614163,0
987,5,0.2607421875,0.2317129913046643,5.542458467882001e-10,0.0157038339438339,0
988,1,0.0,0.0,4.1488867157508405e-10,0.006201514041514,0
989,2,0.375,0.0,6.600055611974682e-10,0.0083020268620268,0
990,15,0.1121651785714285,0.1000207996146224,1.0833816640493034e-09,0.0094022954822954,0
991,7,0.1868489583333333,0.1950703794406338,9.334669682783807e-10,0.0152037118437118,0
992,3,0.4453125,0.42578125,7.594381459780382e-10,0.0154037606837606,0
993,7,0.236328125,0.2041957704729372,6.298960341313821e-10,0.0111027106227106,0
994,2,0.46484375,0.0,5.503754690567877e-10,0.0115028083028083,0
995,8,0.1774553571428571,0.1592329267461359,9.487699768434655e-10,0.0080019536019536,0
996,4,0.2356770833333333,0.2003601222859243,5.447880071105802e-10,0.0087021245421245,0
997,4,0.4661458333333333,0.5005524021001836,7.03452643247744e-10,0.0078019047619047,0
998,3,0.369140625,0.251953125,5.179335020223298e-10,0.0085020757020757,0
999,11,0.042578125,0.0322803764705141,7.069344831607307e-10,0.0369090109890109,0
1000,1,0.0,0.0,6.341369582226381e-10,0.0096023443223443,0
1001,5,0.349609375,0.3747201511133217,6.354134869759868e-10,0.0119029059829059,0
1002,3,0.009765625,0.001953125,4.77244180839934e-10,0.0068016605616605,0
1003,3,0.5078125,0.46875,7.415019284066903e-10,0.0077018803418803,0
1004,4,0.5013020833333334,0.3891160089821293,5.631920660824048e-10,0.0101024664224664,0
1005,3,0.265625,0.25390625,3.8239041586254253e-10,0.0049011965811965,0
1006,2,0.953125,0.0,4.0807571491093694e-10,0.0053012942612942,0
1007,4,0.203125,0.1389146568978294,6.063236360454767e-10,0.0071017338217338,0
1008,2,0.22265625,0.0,5.239308202735398e-10,0.0051012454212454,0
1009,2,0.4453125,0.0,4.5164518360489046e-10,0.0053012942612942,0
1010,2,0.0234375,0.0,5.821742673619962e-10,0.0052012698412698,0
1011,2,0.24609375,0.0,6.1057798530326e-10,0.0056013675213675,0
1012,5,0.0615234375,0.0339838137525494,1.0658431704576964e-09,0.0233056898656898,0
1013,4,0.4127604166666667,0.498842382795672,6.438655497263554e-10,0.0086021001221001,0
1014,1,0.0,0.0,6.376728161884412e-10,0.0083020268620268,0
1015,5,0.3427734375,0.348350945229779,6.558550288403768e-10,0.0069016849816849,0
1016,12,0.1711647727272727,0.1076984196263119,5.961137791394773e-10,0.020004884004884,0
1017,8,0.1166294642857142,0.1240446994118183,8.825530995531566e-10,0.0332081074481074,0
1018,0,0.0,0.0,5.352851812158131e-10,0.0069016849816849,0
1019,2,0.0234375,0.0,4.989584008872013e-10,0.0110026862026862,0
1020,1,0.0,0.0,4.998666346880631e-10,0.0066016117216117,0
1021,2,0.6796875,0.0,4.937779713778455e-10,0.0080019536019536,0
1022,4,0.5013020833333334,0.6758703076353152,6.442541358807382e-10,0.0073017826617826,0
1023,1,0.0,0.0,5.356431328558158e-10,0.0085020757020757,0
1024,6,0.35703125,0.3346322754392125,7.975867096989462e-10,0.0106025885225885,0
1025,5,0.32421875,0.4653194782048941,7.191675382280348e-10,0.0085020757020757,0
1026,12,0.0909090909090909,0.1066535788249142,1.3280561270845726e-09,0.0360087912087912,0
1027,4,0.5065104166666666,0.2601756697373216,9.627463223674304e-10,0.0115028083028083,0
1028,4,0.2916666666666667,0.2694337333656408,7.237282634947468e-10,0.0094022954822954,0
1029,10,0.2092013888888889,0.2593605610569031,1.0778408032071032e-09,0.0092022466422466,0
1030,10,0.2061631944444444,0.1999516558203916,6.646702349784423e-10,0.0078019047619047,0
1031,8,0.2594866071428571,0.2819533085599602,6.96241199711037e-10,0.0083020268620268,0
1032,2,0.1171875,0.0,7.4964068563542e-10,0.0082020024420024,0
1033,0,0.0,0.0,5.981624550091238e-10,0.0082020024420024,0
1034,4,0.3177083333333333,0.2590000532061024,9.343812982334615e-10,0.009302271062271,0
1035,8,0.1796875,0.1873022580795448,1.1009379126609552e-09,0.0086021001221001,0
1036,2,0.23046875,0.0,4.581477209281696e-10,0.0075018315018315,0
1037,3,0.07421875,0.046875,8.22463323723912e-10,0.0084020512820512,0
1038,5,0.07421875,0.0752396886103836,6.483362833408621e-10,0.009302271062271,0
1039,8,0.203125,0.1639694676704324,6.948450249045485e-10,0.0080019536019536,0
1040,3,0.349609375,0.009765625,5.082307795734992e-10,0.0075018315018315,0
1041,2,0.0390625,0.0,6.623422821010388e-10,0.0077018803418803,0
1042,3,0.19140625,0.08203125,4.832581179250133e-10,0.0104025396825396,0
1043,2,1.03515625,0.0,4.3482358097742704e-10,0.0069016849816849,0
1044,4,0.2513020833333333,0.319586533352623,5.36887093074135e-10,0.0123030036630036,0
1045,14,0.0982572115384615,0.1002462571490464,8.830765703991435e-10,0.0302073748473748,0
1046,8,0.2020089285714285,0.1211875768002935,9.304099088339588e-10,0.0218053235653235,0
1047,4,0.30859375,0.2893263154240813,7.400778742353832e-10,0.0110026862026862,0
1048,3,0.06640625,0.0390625,5.96862658607164e-10,0.010002442002442,0
1049,1,0.0,0.0,8.047836710840373e-10,0.0059014407814407,0
1050,4,0.43359375,0.1734069980686093,8.301331662609706e-10,0.0075018315018315,0
1051,3,0.27734375,0.12109375,7.577460433000726e-10,0.0059014407814407,0
1052,2,0.578125,0.0,6.12142775146438e-10,0.0049011965811965,0
1053,3,0.451171875,0.419921875,7.252981495784266e-10,0.0091022222222222,0
1054,2,1.328125,0.0,6.078591680755141e-10,0.0088021489621489,0
1055,2,1.625,0.0,6.375794410192302e-10,0.0095023199023199,0
1056,8,0.1311383928571428,0.1153474804873655,6.189340819606386e-10,0.0215052503052503,0
1057,3,0.400390625,0.376953125,4.898559335730237e-10,0.0071017338217338,0
1058,3,0.515625,0.48046875,7.824423205275424e-10,0.0075018315018315,0
1059,3,0.64453125,0.55859375,4.661221522084617e-10,0.006201514041514,0
1060,3,0.21484375,0.0078125,5.376069581555502e-10,0.0075018315018315,0
1061,21,0.0873046875,0.0856999112746359,1.2432658926763781e-09,0.0155037851037851,0
1062,10,0.2005208333333333,0.2679445800162217,1.0520035824980876e-09,0.0166040537240537,0
1063,3,0.919921875,0.791015625,4.3985800968974037e-10,0.007401807081807,0
1064,3,0.1875,0.16015625,9.083020017329195e-10,0.012403028083028,0
1065,6,0.3234375,0.4403395573659604,5.486985065982891e-10,0.0070017094017094,0
1066,8,0.1941964285714285,0.1935040638951578,8.716374380880446e-10,0.0117028571428571,0
1067,7,0.0983072916666666,0.0991402008899955,9.599405749588896e-10,0.0117028571428571,0
1068,3,0.703125,0.16015625,4.983908290126811e-10,0.0097023687423687,0
1069,4,0.2057291666666666,0.137565581740179,7.131152526756921e-10,0.008101978021978,0
1070,10,0.0828993055555555,0.101975285908644,2.080312924774062e-09,0.0106025885225885,0
1071,10,0.1662326388888889,0.184667471130961,8.942423785959156e-10,0.0137033455433455,0
1072,7,0.2200520833333333,0.1931477254248818,1.0363330511911095e-09,0.0110026862026862,0
1073,10,0.1775173611111111,0.1906928591142526,9.762103393570883e-10,0.0089021733821733,0
1074,3,0.876953125,0.865234375,9.155333922962127e-10,0.0065015873015873,0
1075,7,0.23828125,0.1859610235469944,1.3986125035360955e-09,0.014303492063492,0
1076,2,0.171875,0.0,6.302745541770839e-10,0.0288070329670329,0
1077,5,0.4150390625,0.1745480833072379,8.16129357177892e-10,0.0159038827838827,0
1078,2,0.015625,0.0,6.987942001463635e-10,0.0090021978021978,0
1079,3,0.3125,0.26171875,4.937715141598498e-10,0.0103025152625152,0
1080,0,0.0,0.0,4.717619841260522e-10,0.0055013431013431,0
1081,5,0.2119140625,0.3154448042043357,5.989304399918525e-10,0.006201514041514,0
1082,1,0.0,0.0,4.6110648017699303e-10,0.0085020757020757,0
1083,6,0.3421875,0.1468168102815546,5.442689348367003e-10,0.010002442002442,0
1084,1,0.0,0.0,5.358323395926418e-10,0.0096023443223443,0
1085,12,0.1626420454545454,0.25392139775222,8.440817820868758e-10,0.0133032478632478,0
1086,16,0.1018229166666666,0.1882983582015225,1.1471549705996246e-09,0.0197048107448107,0
1087,12,0.1143465909090909,0.1233701775953661,2.670850165311303e-09,0.0402098168498168,0
1088,11,0.15078125,0.1070797107444963,7.997260923600208e-10,0.0116028327228327,0
1089,7,0.0475260416666666,0.0423377356455445,7.94195135730163e-10,0.0120029304029304,0
1090,2,0.94921875,0.0,6.709667260162338e-10,0.0125030525030525,0
1091,2,0.83203125,0.0,4.2927750858726124e-10,0.009302271062271,0
1092,3,0.013671875,0.005859375,7.760799673803335e-10,0.0090021978021978,0
1093,9,0.19140625,0.2193421115838509,1.157570671129508e-09,0.0129031501831501,0
1094,5,0.46484375,0.4998321251383433,7.210624242231957e-10,0.0172042002442002,0
1095,8,0.1607142857142857,0.2069462486747736,6.978198549856059e-10,0.0111027106227106,0
1096,5,0.416015625,0.3486259737599568,1.1475072995448454e-09,0.0209051037851037,0
1097,3,0.32421875,0.0625,5.641457793601222e-10,0.0128031257631257,0
1098,8,0.1841517857142857,0.1841500946892055,6.95892854696941e-10,0.012403028083028,0
1099,32,0.0599798387096774,0.0887858938761404,1.585599890809655e-09,0.0269065689865689,0
1100,12,0.14453125,0.2723089535677845,9.709357519854312e-10,0.0215052503052503,0
1101,5,0.3212890625,0.2339249422380482,8.615131824151968e-10,0.0159038827838827,0
1102,2,0.75,0.0,6.266552072012237e-10,0.012403028083028,0
1103,6,0.3828125,0.3259882061469019,6.846436215498142e-10,0.0061014896214896,0
1104,3,0.0234375,0.0,6.544602878064989e-10,0.0102024908424908,0
1105,4,0.23828125,0.2169991314426742,7.881683430275461e-10,0.0076018559218559,0
1106,5,0.3017578125,0.3242819850796031,1.3014165999513982e-09,0.0070017094017094,0
1107,2,0.01171875,0.0,6.124791817614619e-10,0.0067016361416361,0
1108,1,0.0,0.0,6.92471381735633e-10,0.0055013431013431,0
1109,9,0.15234375,0.1447158871315836,1.0886351472432055e-09,0.017404249084249,0
1110,9,0.19482421875,0.2404521172455468,9.465632295817736e-10,0.0109026617826617,0
1111,9,0.236328125,0.2800538801396081,5.986953199192782e-10,0.009302271062271,0
1112,0,0.0,0.0,6.280787768482364e-10,0.0075018315018315,0
1113,11,0.187890625,0.3548004105110761,8.325529417333445e-10,0.0144035164835164,0
1114,15,0.0926339285714285,0.1040897422705535,1.0805623057010991e-09,0.0254062026862026,0
1115,5,0.31640625,0.3281133740499901,1.1896454083496206e-09,0.0092022466422466,0
1116,2,0.203125,0.0,4.980295043381695e-10,0.0040009768009768,0
1117,6,0.27109375,0.1798335004681413,1.0039962346638743e-09,0.0129031501831501,0
1118,9,0.13232421875,0.2008059237864012,8.133615441779932e-10,0.0211051526251526,0
1119,1,0.0,0.0,4.496243812764531e-10,0.0078019047619047,0
1120,3,0.822265625,0.775390625,7.292517542574775e-10,0.006201514041514,0
1121,9,0.18310546875,0.2815918434424814,1.0005200337517758e-09,0.0103025152625152,0
1122,12,0.0841619318181818,0.1248819092880664,1.2157669790124572e-09,0.0165040293040293,0
1123,7,0.28125,0.3500836953501262,9.167198059368387e-10,0.0105025641025641,0
1124,16,0.0947916666666666,0.1682831763146737,1.5306433190948412e-09,0.0192046886446886,0
1125,4,0.28125,0.3455651649155699,8.604016178778654e-10,0.0132032234432234,0
1126,2,0.13671875,0.0,5.782794461952543e-10,0.0082020024420024,0
1127,4,0.6223958333333334,0.6551976723099275,6.70150442347386e-10,0.0075018315018315,0
1128,2,0.51953125,0.0,4.4812696884583327e-10,0.0083020268620268,0
1129,5,0.37109375,0.3092728879780464,5.808094625917426e-10,0.0078019047619047,0
1130,4,0.5286458333333334,0.4166503903070961,7.667785119951441e-10,0.0067016361416361,0
1131,4,0.6393229166666666,0.3699795957329005,7.13222103676831e-10,0.0079019291819291,0
1132,2,1.55078125,0.0,6.894539723351537e-10,0.0091022222222222,0
1133,5,0.2119140625,0.3151786442953015,8.843384510280114e-10,0.0149036385836385,0
1134,8,0.2366071428571428,0.2065290103181571,8.131058953002634e-10,0.019304713064713,0
1135,2,0.01171875,0.0,5.250706793990333e-10,0.0087021245421245,0
1136,8,0.109375,0.1351714096576612,7.949192013809687e-10,0.0152037118437118,0
1137,15,0.1266741071428571,0.1777586833707758,1.207976117215185e-09,0.0156038095238095,0
1138,11,0.16796875,0.1879064604813389,1.1652581120315207e-09,0.0189046153846153,0
1139,5,0.3427734375,0.3999127769739443,6.856889547608983e-10,0.0446108913308913,0
1140,7,0.1783854166666666,0.3056930078702551,6.654576085036248e-10,0.0106025885225885,0
1141,11,0.172265625,0.2737579037992842,7.171765143434101e-10,0.0088021489621489,0
1142,2,0.03515625,0.0,6.451922558621848e-10,0.0095023199023199,0
1143,7,0.2923177083333333,0.4509275507884973,5.950536778375605e-10,0.0073017826617826,0
1144,3,0.1796875,0.0859375,6.542587425886417e-10,0.0069016849816849,0
1145,3,0.6015625,0.3984375,5.500980084327726e-10,0.0085020757020757,0
1146,3,0.15234375,0.125,4.976464273181879e-10,0.0092022466422466,0
1147,7,0.2252604166666666,0.2544931784670951,8.451051026371537e-10,0.0091022222222222,0
1148,7,0.212890625,0.3408730073578462,1.316310122010671e-09,0.0089021733821733,0
1149,12,0.1001420454545454,0.0922776296349412,1.038398181668843e-09,0.0328080097680097,0
1150,2,1.171875,0.0,5.888662927024305e-10,0.0086021001221001,0
1151,9,0.16845703125,0.1936101347091235,8.308330388916469e-10,0.0135032967032967,0
1152,7,0.2259114583333333,0.3124871145346909,6.783174533990123e-10,0.0126030769230769,0
1153,4,0.08984375,0.0443091133520144,6.200241771799121e-10,0.0127031013431013,0
1154,2,0.30078125,0.0,5.233196324771417e-10,0.0136033211233211,0
1155,7,0.2415364583333333,0.2409707408008117,7.348750314009012e-10,0.0111027106227106,0
1156,9,0.15478515625,0.1332703719893168,9.256469465046044e-10,0.0107026129426129,0
1157,24,0.0609714673913043,0.063986848168508,1.4350087245820418e-09,0.0429104761904761,0
1158,13,0.1253255208333333,0.1347369226429654,9.56106720575585e-10,0.0223054456654456,0
1159,4,0.24609375,0.2902390190016526,7.200764359203574e-10,0.0129031501831501,0
1160,6,0.31484375,0.4427323829251989,8.11774079529631e-10,0.0098023931623931,0
1161,8,0.16015625,0.2426281273948364,9.773050072743866e-10,0.0116028327228327,0
1162,6,0.21015625,0.1729970477078294,7.220827514382915e-10,0.0091022222222222,0
1163,9,0.2158203125,0.3177822006320905,7.581511842286224e-10,0.0110026862026862,0
1164,2,0.4296875,0.0,5.286791327313305e-10,0.0105025641025641,0
1165,3,0.43359375,0.40234375,6.895868129398921e-10,0.0121029548229548,0
1166,6,0.11171875,0.1078181610832562,6.72987504467873e-10,0.0142034676434676,0
1167,2,0.5078125,0.0,5.743440286480578e-10,0.0110026862026862,0
1168,5,0.34765625,0.2016737520008336,6.644057266438791e-10,0.009302271062271,0
1169,9,0.20947265625,0.2697783733220294,1.371218976817935e-09,0.0098023931623931,0
1170,4,0.2669270833333333,0.2928443022721526,8.446719932425631e-10,0.0114027838827838,0
1171,4,0.6432291666666666,0.8461718553643603,6.41623988928247e-10,0.0087021245421245,0
1172,1,0.0,0.0,5.945411064587461e-10,0.009302271062271,0
1173,7,0.2877604166666667,0.2630143872972488,7.691674916391605e-10,0.0098023931623931,0
1174,7,0.3274739583333333,0.4260882438437884,6.478933716470917e-10,0.0082020024420024,0
1175,6,0.29375,0.3414643471735007,5.208489307061308e-10,0.0094022954822954,0
1176,3,0.17578125,0.140625,6.72999869155146e-10,0.0098023931623931,0
1177,2,0.04296875,0.0,5.614749277080435e-10,0.0096023443223443,0
1178,7,0.2109375,0.2067116243417888,2.3232357701737277e-09,0.0145035409035409,0
1179,4,0.3098958333333333,0.2106077025744323,5.795637250078642e-10,0.0136033211233211,0
1180,3,0.203125,0.18359375,8.70413472067547e-10,0.0235057387057387,0
1181,11,0.149609375,0.2356738101176934,1.053527368890521e-09,0.0335081807081807,0
1182,7,0.26953125,0.2625918273165361,8.27904834373756e-10,0.0091022222222222,0
1183,4,0.4114583333333333,0.0825771353943121,7.524166953654132e-10,0.0106025885225885,0
1184,4,0.1575520833333333,0.1496772968280891,8.006441558310261e-10,0.0115028083028083,0
1185,21,0.0333984375,0.0395183364221498,1.2379877057318104e-09,0.0254062026862026,0
1186,19,0.0904947916666666,0.1329098014692893,6.997422744231924e-10,0.0282068864468864,0
1187,3,0.0234375,0.0078125,5.79423883260021e-10,0.0105025641025641,0
1188,4,0.08984375,0.0943987966687076,7.211283806750838e-10,0.0086021001221001,0
1189,8,0.1540178571428571,0.1407931958990902,9.95666803731135e-10,0.0242059096459096,0
1190,11,0.14375,0.1886908796070308,1.6636300964268567e-09,0.028106862026862,0
1191,45,0.0386186079545454,0.0342793889724568,3.5344640959810932e-09,0.0679165811965812,0
1192,22,0.0872395833333333,0.1634738826768983,2.209433817871604e-09,0.0390095238095238,0
1193,12,0.15234375,0.3819672660910314,1.2023776142880996e-09,0.0119029059829059,0
1194,28,0.0707465277777777,0.0899370070884063,1.6052495266337411e-09,0.0271066178266178,0
1195,30,0.0568426724137931,0.0656659275510067,1.6816619988108652e-09,0.0497121367521367,0
1196,10,0.1384548611111111,0.2000223029616916,7.349641652354563e-10,0.025006105006105,0
1197,4,0.3177083333333333,0.4051132600547928,8.624149141562715e-10,0.0057013919413919,0
1198,2,1.3984375,0.0,1.0683689775493804e-09,0.006201514041514,0
1199,7,0.3046875,0.3826197963104442,6.298736970955375e-10,0.0180043956043956,0
1200,4,0.0364583333333333,0.0073656956373598,1.720719716462905e-09,0.0729178021978022,0
1201,12,0.1466619318181818,0.261203400115545,1.1994597181410368e-09,0.0159038827838827,0
1202,5,0.1533203125,0.1160220365968216,1.1561507656974687e-09,0.0108026373626373,0
1203,8,0.2466517857142857,0.2422723477113334,1.192500076405754e-09,0.0095023199023199,0
1204,10,0.1827256944444444,0.1718333458223313,1.1090589643703194e-09,0.0072017582417582,0
1205,9,0.09765625,0.1138857791961972,1.178956504254123e-09,0.008101978021978,0
1206,8,0.1473214285714285,0.2573276884864869,1.070729207198987e-09,0.0085020757020757,0
1207,6,0.24296875,0.2341587544073998,1.053052016198765e-09,0.0076018559218559,0
1208,9,0.18310546875,0.2393708876612634,1.0369094114744295e-09,0.0170041514041514,0
1209,10,0.1909722222222222,0.2614072594722341,1.483292223310538e-09,0.0110026862026862,0
1210,8,0.1947544642857142,0.262898200009509,1.016464582764949e-09,0.0110026862026862,0
1211,7,0.17578125,0.2201637721982017,8.650791787238672e-10,0.0091022222222222,0
1212,5,0.0673828125,0.042735071263752,1.2236891562111916e-09,0.0096023443223443,0
1213,14,0.1150841346153846,0.1695345413029569,1.1278616604638238e-09,0.0082020024420024,0
1214,8,0.0725446428571428,0.0602575222620227,1.927160771030963e-09,0.0157038339438339,0
1215,11,0.183203125,0.1628156677055086,9.842596319702548e-10,0.0239058363858363,0
1216,16,0.12734375,0.1844467109837102,1.0942073158090211e-09,0.0183044688644688,0
1217,7,0.2942708333333333,0.3157196339496242,8.889690869773287e-10,0.0085020757020757,0
1218,9,0.1884765625,0.1631736291186357,1.0152412095878783e-09,0.0068016605616605,0
1219,5,0.3330078125,0.462691767346064,1.5130271437963746e-09,0.0097023687423687,0
1220,3,0.24609375,0.21875,7.939081639874335e-10,0.009302271062271,0
1221,3,0.845703125,0.240234375,6.123897497581105e-10,0.0076018559218559,0
1222,9,0.20556640625,0.2330196611025068,1.0095885843653701e-09,0.0073017826617826,0
1223,0,0.0,0.0,8.492603713356918e-10,0.0059014407814407,0
1224,8,0.1897321428571428,0.2362633853074276,1.5600151305522754e-09,0.0084020512820512,0
1225,3,0.650390625,0.642578125,6.248889734709902e-10,0.0058014163614163,0
1226,4,0.3489583333333333,0.3448776091908266,1.1673024906598623e-09,0.0069016849816849,0
1227,4,0.37890625,0.3397763941872286,8.079034018823395e-10,0.0194047374847374,0
1228,14,0.0895432692307692,0.0950735588969475,1.2236886513042646e-09,0.013103199023199,0
1229,4,0.296875,0.2654142852947853,7.706863588288151e-10,0.0083020268620268,0
1230,11,0.186328125,0.1919002712643422,1.2058660587563976e-09,0.0086021001221001,0
1231,26,0.0684375,0.1159840287361798,3.885294123367898e-09,0.0695169719169719,0
1232,81,0.02421875,0.0187479653844007,5.696946171494019e-09,0.0830202686202686,0
1233,72,0.0271786971830985,0.0257983882873221,6.152062955359658e-09,0.0648158241758241,0
1234,79,0.0251903044871794,0.0186042789529724,5.5935726361550535e-09,0.0755184371184371,0
1235,77,0.0260074013157894,0.0195060757949386,4.7524158887955255e-09,0.061214945054945,0
1236,43,0.0471540178571428,0.05252135973901,1.9585279531150063e-09,0.0436106471306471,0
1237,70,0.0270040760869565,0.018100189879414,5.951154546850517e-09,0.073117851037851,0
1238,67,0.0293560606060606,0.0268078783668237,6.296392602488068e-09,0.087421343101343,0
1239,23,0.0877130681818181,0.1910244019610152,1.3952087343470702e-09,0.0292071306471306,0
1240,11,0.16875,0.3230201866998795,5.739903253310417e-10,0.0218053235653235,0
1241,5,0.240234375,0.2251691394428239,5.859886359485717e-10,0.0117028571428571,0
1242,8,0.17578125,0.2732221728699335,7.832104545946692e-10,0.012403028083028,0
1243,8,0.1930803571428571,0.1988393308182,7.275356996568077e-10,0.0154037606837606,0
1244,8,0.2349330357142857,0.2808732950571761,5.843680699049287e-10,0.0188045909645909,0
1245,1,0.0,0.0,5.974931825335327e-10,0.013103199023199,0
1246,3,0.56640625,0.25390625,5.563542047530715e-10,0.0101024664224664,0
1247,6,0.290625,0.1861048354170976,6.900062182170698e-10,0.0110026862026862,0
1248,6,0.26328125,0.2973536437528973,6.800236777471781e-10,0.0089021733821733,0
1249,14,0.1331129807692307,0.1813873760466029,1.1976490485247352e-09,0.0246060073260073,0
1250,8,0.2081473214285714,0.2013867317195731,1.1172961516611355e-09,0.0119029059829059,0
1251,10,0.1631944444444444,0.2489451063335041,9.022894232958905e-10,0.0157038339438339,0
1252,6,0.3125,0.2241656622692802,5.705997273991778e-10,0.0117028571428571,0
1253,2,0.78515625,0.0,5.453047732351761e-10,0.0096023443223443,0
1254,0,0.0,0.0,3.813994192557036e-10,0.011202735042735,0
1255,5,0.3134765625,0.3859819270829503,7.351545110702617e-10,0.0109026617826617,0
1256,2,0.08984375,0.0,6.548564982301817e-10,0.0080019536019536,0
1257,4,0.3307291666666667,0.3039242130866628,4.697740415131096e-10,0.0095023199023199,0
1258,5,0.1806640625,0.1639083865074648,6.179324066014197e-10,0.0091022222222222,0
1259,1,0.0,0.0,4.2263622959593644e-10,0.0107026129426129,0
1260,2,0.65234375,0.0,4.968015986459782e-10,0.010002442002442,0
1261,14,0.14453125,0.1604893639388604,1.3661723680267632e-09,0.0097023687423687,0
1262,9,0.15625,0.1960046330118484,9.75809230113259e-10,0.0090021978021978,0
1263,3,0.048828125,0.029296875,7.891563626053094e-10,0.0144035164835164,0
1264,2,0.21875,0.0,5.835448095521354e-10,0.0077018803418803,0
1265,8,0.1294642857142857,0.1634025386232039,7.688115386618704e-10,0.0104025396825396,0
1266,14,0.1397235576923076,0.1755383862207416,1.6095252951265427e-09,0.015003663003663,0
1267,25,0.0452473958333333,0.0382718929004963,1.729680299107096e-09,0.0394096214896214,0
1268,10,0.15234375,0.1842252363738852,9.945124176122343e-10,0.0122029792429792,0
1269,5,0.283203125,0.2783802704057381,6.530370535993819e-10,0.0078019047619047,0
1270,5,0.296875,0.2939436902986799,5.260691005253734e-10,0.0128031257631257,0
1271,4,0.3333333333333333,0.4089992775924923,4.99248146415042e-10,0.009302271062271,0
1272,7,0.25390625,0.3467919969197734,6.236192682406622e-10,0.0107026129426129,0
1273,2,1.0234375,0.0,5.645956025134139e-10,0.0130031746031746,0
1274,2,0.0234375,0.0,6.427709481982032e-10,0.016203956043956,0
1275,3,0.50390625,0.484375,4.6280687159808037e-10,0.0088021489621489,0
1276,5,0.4091796875,0.4966730055095157,6.754412502180358e-10,0.009302271062271,0
1277,6,0.36171875,0.3429020080276215,7.604218234727047e-10,0.0092022466422466,0
1278,4,0.5104166666666666,0.3721863484215788,5.540687717942752e-10,0.0104025396825396,0
1279,5,0.3203125,0.2229130919933399,5.079034572066279e-10,0.0095023199023199,0
1280,6,0.321875,0.2972612618766528,6.012350873671844e-10,0.0136033211233211,0
1281,9,0.17236328125,0.1454840519085896,9.210020386359671e-10,0.0113027594627594,0
1282,5,0.2333984375,0.1905748645328109,7.788681618480724e-10,0.0094022954822954,0
1283,9,0.22216796875,0.19937606285075,7.46476715789044e-10,0.0118028815628815,0
1284,7,0.134765625,0.1688559117384892,8.098588673909186e-10,0.0114027838827838,0
1285,2,0.01953125,0.0,4.4936736443289776e-10,0.0142034676434676,0
1286,1,0.0,0.0,6.398448343560523e-10,0.0083020268620268,0
1287,1,0.0,0.0,4.906736900326642e-10,0.0085020757020757,0
1288,7,0.10546875,0.1316779048968384,7.4206804787305e-10,0.0102024908424908,0
1289,3,0.26171875,0.13671875,3.9687200841190076e-10,0.0084020512820512,0
1290,10,0.1566840277777778,0.2391473362744086,2.1460758540486103e-09,0.0136033211233211,0
1291,3,0.43359375,0.3984375,6.244321788750016e-10,0.0090021978021978,0
1292,3,0.14453125,0.12890625,6.728785983150108e-10,0.0086021001221001,0
1293,5,0.3212890625,0.4006275499473987,6.667626671189513e-10,0.0110026862026862,0
1294,3,0.03515625,0.0078125,5.491833529379316e-10,0.0098023931623931,0
1295,1,0.0,0.0,5.483813714711723e-10,0.0149036385836385,0
1296,3,0.0390625,0.01171875,7.597117158486776e-10,0.0111027106227106,0
1297,5,0.08984375,0.1061896657739702,6.275526318008574e-10,0.0136033211233211,0
1298,4,0.3528645833333333,0.3503935039907117,6.84734053466883e-10,0.0144035164835164,0
1299,3,0.84765625,0.82421875,6.326024377535367e-10,0.0132032234432234,0
1300,0,0.0,0.0,4.1025154404847616e-10,0.0064015628815628,0
1301,4,0.3854166666666667,0.2037833215552666,6.176998442580514e-10,0.005001221001221,0
1302,2,1.203125,0.0,4.37214712445081e-10,0.0059014407814407,0
1303,3,0.515625,0.171875,4.5236728728172174e-10,0.0095023199023199,0
1304,4,0.5924479166666666,0.5529547956898365,6.418749655242327e-10,0.0325079365079365,0
1305,3,0.5234375,0.3828125,1.3487623286973674e-09,0.0104025396825396,0
1306,11,0.096875,0.1100675618157434,8.279941312693716e-10,0.0117028571428571,0
1307,5,0.3603515625,0.495165339127983,5.787628133381338e-10,0.0092022466422466,0
1308,34,0.0445075757575757,0.0509125578169096,2.5724973056489193e-09,0.0339082783882783,0
1309,10,0.1861979166666666,0.1972731451399373,1.8587523717231246e-09,0.0311075946275946,0
1310,2,1.0234375,0.0,8.938654233540334e-10,0.0133032478632478,0
1311,3,0.08984375,0.04296875,8.99446011111819e-10,0.0050012210012209,0
1312,2,1.890625,0.0,6.073155848124367e-10,0.0044010744810744,0
1313,2,0.08203125,0.0,7.728102087591555e-10,0.0082020024420024,0
1314,4,0.30859375,0.4005128751376685,9.819984543442075e-10,0.0091022222222222,0
1315,4,0.234375,0.1381067932004975,7.683134849586887e-10,0.0056013675213675,0
1316,32,0.0607358870967741,0.1508643359873452,2.0490963039555073e-09,0.0777189743589743,0
1317,20,0.0423519736842105,0.0430016911316696,1.1992789905793568e-09,0.0398097191697191,0
1318,4,0.0442708333333333,0.0184142390933996,9.582371919497035e-10,0.0110026862026862,0
1319,11,0.1578125,0.2089548022300516,1.2325817895643902e-09,0.0091022222222222,0
1320,4,0.32421875,0.3633862415486791,8.1313263440238e-10,0.010002442002442,0
1321,8,0.1417410714285714,0.1545910013890174,9.91395733143959e-10,0.013103199023199,0
1322,0,0.0,0.0,5.15158992454093e-10,0.0071017338217338,0
1323,8,0.1953125,0.2074362194898711,1.0350169061707523e-09,0.0085020757020757,0
1324,1,0.0,0.0,4.3020805612953046e-10,0.0080019536019536,0
1325,14,0.1126802884615384,0.1993209235177282,1.6606252258395683e-09,0.013103199023199,0
1326,1,0.0,0.0,4.176943706476673e-10,0.0047011477411477,0
1327,5,0.2685546875,0.3911946529935726,9.821400705458054e-10,0.0051012454212454,0
1328,7,0.3079427083333333,0.5422160956726267,5.619450146922673e-10,0.0151036874236874,0
1329,31,0.056640625,0.0706570694842275,1.720148374383722e-09,0.0298072771672771,0
1330,25,0.0696614583333333,0.0721394121185914,9.259443751201991e-10,0.0218053235653235,0
1331,10,0.1727430555555555,0.1769566966176085,2.2119251282312172e-09,0.0621151648351648,0
1332,8,0.1484375,0.2654443976365053,6.53789641541473e-10,0.0102024908424908,0
1333,5,0.373046875,0.2173065517907177,6.484921394319287e-10,0.0073017826617826,0
1334,1,0.0,0.0,7.34048936115099e-10,0.007401807081807,0
1335,6,0.26796875,0.4871555774499815,6.132921547084206e-10,0.0120029304029304,0
1336,1,0.0,0.0,5.918968663717404e-10,0.0110026862026862,0
1337,10,0.1302083333333333,0.1829044759130507,6.617574379836855e-10,0.0114027838827838,0
1338,8,0.19921875,0.2392808730686969,7.721509080497748e-10,0.0120029304029304,0
1339,5,0.337890625,0.1055591337255598,1.0449042620760227e-09,0.0164040048840048,0
1340,5,0.3056640625,0.3213039035326103,9.327691583701199e-10,0.0075018315018315,0
1341,1,0.0,0.0,4.3624489048166924e-10,0.00430105006105,0
1342,5,0.021484375,0.0033829117335329,5.875410890578015e-10,0.0045010989010989,0
1343,1,0.0,0.0,5.308832220977367e-10,0.0057013919413919,0
1344,1,0.0,0.0,4.98666009111293e-10,0.0133032478632478,0
1345,7,0.1640625,0.2822879429720579,6.088111861005633e-10,0.0049011965811965,0
1346,1,0.0,0.0,4.890601676444741e-10,0.0047011477411477,0
1347,0,0.0,0.0,2.736150408826691e-10,0.0045010989010989,0
1348,1,0.0,0.0,3.5373202740991203e-10,0.0045010989010989,0
1349,0,0.0,0.0,3.9531816986601773e-10,0.0048011721611721,0
1350,0,0.0,0.0,3.1553411850029285e-10,0.0059014407814407,0
1351,0,0.0,0.0,3.432088678940785e-10,0.0055013431013431,0
1352,0,0.0,0.0,3.920261831104893e-10,0.0059014407814407,0
1353,1,0.0,0.0,6.285145476322788e-10,0.0045010989010989,0
1354,22,0.0913318452380952,0.1874475845576328,2.802211310641942e-09,0.0553135042735042,0
1355,11,0.1484375,0.2303826640070819,1.59264782603267e-09,0.0305074481074481,0
1356,9,0.162109375,0.1933692390160758,1.3849613256435601e-09,0.0106025885225885,0
1357,6,0.2140625,0.1842226595217048,1.486635590023868e-09,0.017404249084249,0
1358,9,0.23193359375,0.2977791119619944,1.498431219819727e-09,0.0147035897435897,0
1359,7,0.205078125,0.2022435552688551,1.0819503699669107e-09,0.013103199023199,0
1360,1,0.0,0.0,9.307953927516655e-10,0.0165040293040293,0
1361,1,0.0,0.0,4.282501511110141e-10,0.0060014652014652,0
1362,4,0.1458333333333333,0.101679286486222,6.39092831104335e-10,0.0057013919413919,0
1363,9,0.08935546875,0.0777195902043885,6.463702770994436e-10,0.0173042246642246,0
1364,0,0.0,0.0,6.070211617616036e-10,0.0070017094017094,0
1365,2,0.7734375,0.0,4.0406014528181415e-10,0.0055013431013431,0
1366,2,1.4375,0.0,6.920223162339119e-10,0.0054013186813186,0
1367,2,0.70703125,0.0,6.845816519408551e-10,0.0055013431013431,0
1368,1,0.0,0.0,4.3306240971076124e-10,0.0067016361416361,0
1369,2,1.5546875,0.0,3.912468729547484e-10,0.0058014163614163,0
1370,23,0.0862926136363636,0.1940367035503927,1.3629198007002494e-09,0.0469114529914529,0
1371,82,0.0244020061728395,0.0151913549579454,7.191693033640148e-09,0.0790192918192918,0
1372,48,0.0392287234042553,0.0483610133523486,3.2759334150874904e-09,0.0494120634920634,0
1373,19,0.1067708333333333,0.2195815976271533,3.435393394941529e-09,0.0282068864468864,0
1374,9,0.03515625,0.0236803821347307,2.038325012094472e-09,0.0271066178266178,0
1375,27,0.0640024038461538,0.0653198473755767,1.4604064211908186e-09,0.0323078876678876,0
1376,2,0.02734375,0.0,5.242113149980021e-10,0.0135032967032967,0
1377,3,0.7578125,0.71484375,7.162797501410711e-10,0.0054013186813186,0
1378,0,0.0,0.0,3.362216106034788e-10,0.0052012698412698,0
1379,5,0.33984375,0.3358693608221245,6.896535095725227e-10,0.009302271062271,0
1380,20,0.0838815789473684,0.1419288536711785,1.0296737213403875e-09,0.0309075457875457,0
1381,2,0.50390625,0.0,6.100050539610978e-10,0.0090021978021978,0
1382,18,0.1169577205882353,0.1842865262991597,2.857488991514861e-09,0.0410100122100122,0
1383,4,0.0182291666666666,0.0120750240826766,1.6567319432704044e-09,0.0280068376068376,0
1384,15,0.1110491071428571,0.1103147831577045,1.36093176025067e-09,0.0111027106227106,0
1385,17,0.092041015625,0.1142032851827262,3.0142232566582954e-09,0.0457111599511599,0
1386,8,0.2377232142857142,0.2019025346302388,1.1512927521641463e-09,0.0173042246642246,0
1387,9,0.20703125,0.1567983541908304,7.645832028844848e-10,0.0106025885225885,0
1388,8,0.2293526785714285,0.3793731836544119,8.038875410727514e-10,0.0158038583638583,0
1389,9,0.109375,0.1169920244677495,1.099972584776843e-09,0.0129031501831501,0
1390,9,0.1630859375,0.2569807101480257,1.230803966851643e-09,0.0096023443223443,0
1391,13,0.0911458333333333,0.1776687817760766,2.33366325710648e-09,0.0303073992673992,0
1392,6,0.365625,0.4872745873093527,7.366220879856983e-10,0.0089021733821733,0
1393,9,0.22705078125,0.3752971107955135,8.918057245566973e-10,0.0110026862026862,0
1394,6,0.3453125,0.4126124373276937,8.215858968162654e-10,0.0128031257631257,0
1395,3,0.279296875,0.138671875,6.833557326817971e-10,0.0092022466422466,0
1396,9,0.20458984375,0.2497017989283648,8.422622349605521e-10,0.0086021001221001,0
1397,4,0.39453125,0.3226067481195824,1.3655288912285822e-09,0.0086021001221001,0
1398,6,0.17890625,0.2499560508244399,1.711497796439417e-09,0.0114027838827838,0
1399,20,0.0908717105263157,0.1504518475076184,3.609351402152741e-09,0.0404098656898656,0
1400,6,0.3046875,0.3356193988126654,8.507913580386678e-10,0.011202735042735,0
1401,10,0.2052951388888889,0.2411921689244938,7.667892117125175e-10,0.0115028083028083,0
1402,11,0.11328125,0.1290482172787075,1.5832365193228284e-09,0.0123030036630036,0
1403,1,0.0,0.0,3.2450700584858086e-10,0.0051012454212454,0
1404,4,0.0481770833333333,0.0410104576771448,1.3571499549578762e-09,0.0144035164835164,0
1405,13,0.0553385416666666,0.0359726296446388,1.5738863063511071e-09,0.015003663003663,0
1406,6,0.16875,0.2087180692270676,4.151129243850454e-09,0.047411575091575,0
1407,10,0.1766493055555555,0.1987695591014524,1.4763492178799524e-09,0.0183044688644688,0
1408,22,0.0496651785714285,0.0656761649629372,1.2153879086356763e-09,0.0292071306471306,0
1409,14,0.114483173076923,0.1823613802841443,2.883845279838869e-09,0.0328080097680097,0
1410,1,0.0,0.0,9.396964581087751e-10,0.0058014163614163,0
1411,4,0.3033854166666667,0.3043924408219,4.755177235259652e-10,0.0044010744810744,0
1412,11,0.161328125,0.2767436840298087,2.651778865138812e-09,0.0302073748473748,0
1413,2,1.29296875,0.0,9.880329953590023e-10,0.0108026373626373,0
1414,10,0.1792534722222222,0.2281987463773338,7.03344903563825e-10,0.0132032234432234,0
1415,4,0.0690104166666666,0.0590118187167951,2.854078268936327e-09,0.0241058852258852,0
1416,9,0.19873046875,0.1081374867897082,1.0476595147153755e-09,0.0085020757020757,0
1417,6,0.3328125,0.5785914503397454,6.639467499414843e-10,0.0066016117216117,0
1418,20,0.0653782894736842,0.070856835146944,1.1319125217476866e-09,0.0180043956043956,0
1419,14,0.1171875,0.1574622445971023,1.405565758519055e-09,0.0188045909645909,0
1420,14,0.1364182692307692,0.2004227002982471,1.946676418999278e-09,0.0101024664224664,0
1421,4,0.46875,0.4677506708751647,6.852216735916369e-10,0.0066016117216117,0
1422,4,0.2721354166666667,0.1102242574743141,8.782738724187897e-10,0.0075018315018315,0
1423,18,0.0838694852941176,0.1447956745423954,1.327599178745298e-09,0.0235057387057387,0
1424,2,0.01171875,0.0,9.405113161580651e-10,0.0089021733821733,0
1425,6,0.21484375,0.2141822201712831,6.353426969283767e-10,0.0059014407814407,0
1426,9,0.14306640625,0.2295062121711978,2.7700395654851357e-09,0.0114027838827838,0
1427,10,0.1879340277777778,0.1909268411989279,1.261980475814038e-09,0.0086021001221001,0
1428,8,0.2282366071428571,0.1129219429274722,2.2069136719105235e-09,0.0087021245421245,0
1429,10,0.1467013888888889,0.1797640151770784,9.073037564795807e-10,0.0075018315018315,0
1430,4,0.328125,0.2275257898042366,1.0039454789969901e-09,0.0076018559218559,0
1431,10,0.1493055555555555,0.1180060787866207,1.9835860168292056e-09,0.0077018803418803,0
1432,8,0.1607142857142857,0.1345317518330729,2.252717303089326e-09,0.0128031257631257,0
1433,8,0.2449776785714285,0.1968324151181983,1.1729724521849063e-09,0.0116028327228327,0
1434,15,0.12109375,0.1569598829475567,1.949621167226478e-09,0.0110026862026862,0
1435,22,0.0695684523809523,0.0956651106445222,2.4323997272314573e-09,0.0313076434676434,0
1436,7,0.0696614583333333,0.0677114632690027,8.327490506119167e-10,0.0137033455433455,0
1437,9,0.216796875,0.1937240090933975,1.4070064984957384e-09,0.0156038095238095,0
1438,8,0.2371651785714285,0.2697674163138602,1.1999576454718966e-09,0.0088021489621489,0
1439,11,0.145703125,0.1669669434501276,8.121160051791918e-10,0.0107026129426129,0
1440,13,0.1321614583333333,0.1896096682859518,7.739344542057452e-10,0.0141034432234432,0
1441,4,0.5911458333333334,0.4144349412507515,8.472338042164047e-10,0.011202735042735,0
1442,8,0.2444196428571428,0.3199710801738812,1.950511201083545e-09,0.024305934065934,0
1443,5,0.390625,0.3105038787058967,1.2294602487883164e-09,0.0101024664224664,0
1444,4,0.1822916666666666,0.1084565855362437,7.386552916901474e-10,0.0103025152625152,0
1445,5,0.1220703125,0.1427084966876726,6.86486745558403e-10,0.0069016849816849,0
1446,8,0.1763392857142857,0.1307352751676092,1.591472190145782e-09,0.0084020512820512,0
1447,8,0.1936383928571428,0.1559547593307372,1.2015625110648575e-09,0.008101978021978,0
1448,7,0.2552083333333333,0.2352810899705776,1.6885008821836314e-09,0.0076018559218559,0
1449,8,0.2220982142857142,0.1957743264428016,7.24802341458992e-10,0.0069016849816849,0
1450,4,0.0364583333333333,0.0226277958294046,8.25134658153202e-10,0.0077018803418803,0
1451,4,0.2252604166666666,0.2992356346773624,7.878469141532898e-10,0.0079019291819291,0
1452,6,0.20234375,0.248977400769126,9.064825786494741e-10,0.0084020512820512,0
1453,7,0.2701822916666667,0.2290565919945429,5.992615843935096e-10,0.0091022222222222,0
1454,5,0.3349609375,0.1829563194632614,1.0171372276926878e-09,0.0084020512820512,0
1455,5,0.2666015625,0.2490579020268414,7.098230382170398e-10,0.0068016605616605,0
1456,4,0.6315104166666666,0.0247738249875526,8.33939526802393e-10,0.009302271062271,0
1457,6,0.36875,0.258292640024111,8.905507326752746e-10,0.0067016361416361,0
1458,9,0.14697265625,0.1364385731297088,1.1898773551374854e-09,0.0092022466422466,0
1459,12,0.1598011363636363,0.2037077424426844,1.0113641609120086e-09,0.0085020757020757,0
1460,8,0.1121651785714285,0.1318358636857314,9.312146850508227e-10,0.011202735042735,0
1461,4,0.2981770833333333,0.218594935119097,7.756232514030704e-10,0.0088021489621489,0
1462,5,0.3984375,0.2918075947662796,1.0549515628284515e-09,0.0066016117216117,0
1463,7,0.23828125,0.2645601357530788,1.593508077369398e-09,0.0077018803418803,0
1464,14,0.0606971153846153,0.0446069748943713,8.615245943599881e-10,0.0292071306471306,0
1465,2,0.046875,0.0,8.788959754061059e-10,0.0090021978021978,0
1466,3,0.13671875,0.04296875,6.507872582177184e-10,0.006201514041514,0
1467,6,0.12578125,0.2049259107732597,7.388827292573284e-10,0.0055013431013431,0
1468,3,0.66015625,0.0546875,6.241561054347227e-10,0.0067016361416361,0
1469,8,0.0502232142857142,0.0488528317594627,1.835745034371408e-09,0.0219053479853479,0
1470,5,0.033203125,0.0267085826780807,4.786094678050379e-10,0.0088021489621489,0
1471,1,0.0,0.0,6.294232962402031e-10,0.0071017338217338,0
1472,1,0.0,0.0,4.5368420101850725e-10,0.0054013186813186,0
1473,1,0.0,0.0,5.539539209010363e-10,0.0041010012210012,0
1474,4,0.5677083333333334,0.6003973881143337,2.779281819805228e-09,0.0075018315018315,0
1475,1,0.0,0.0,7.632290786136938e-10,0.01810442002442,0
1476,9,0.21240234375,0.2030304908967238,7.504018569952635e-10,0.0141034432234432,0
1477,6,0.24921875,0.2194519985953648,7.039673868328286e-10,0.0119029059829059,0
1478,7,0.1627604166666666,0.117353759374848,8.556732803999858e-10,0.0106025885225885,0
1479,5,0.396484375,0.4155201715193296,6.737554102495151e-10,0.0091022222222222,0
1480,8,0.2449776785714285,0.3375022882339284,6.221342531095278e-10,0.0104025396825396,0
1481,29,0.0450613839285714,0.0460242048620634,1.9087871037290107e-09,0.0479116971916971,0
1482,11,0.189453125,0.181632224268102,1.1569376215037842e-09,0.0202049328449328,0
1483,9,0.21826171875,0.290290081690212,6.012223796693233e-10,0.0085020757020757,0
1484,3,0.74609375,0.15234375,7.587056320172162e-10,0.0065015873015873,0
1485,9,0.140625,0.1989217301762885,2.500662488553113e-09,0.0088021489621489,0
1486,18,0.0666360294117647,0.1105217473344806,3.210360431565788e-09,0.027406691086691,0
1487,37,0.0467664930555555,0.0492945269218209,3.104957987434235e-09,0.0311075946275946,0
1488,21,0.057421875,0.0876350450621603,3.0975983056697912e-09,0.0358087423687423,0
1489,9,0.18896484375,0.1338986136218684,2.6155802863277677e-09,0.0292071306471306,0
1490,5,0.3642578125,0.2124040274717748,8.758202477997006e-10,0.0079019291819291,0
1491,14,0.1237980769230769,0.1056009300745019,8.128905027042045e-10,0.0204049816849816,0
1492,6,0.09765625,0.0826058742992894,1.0850194941827267e-09,0.0073017826617826,0
1493,11,0.028515625,0.0119827044142015,1.0520871722565862e-09,0.0296072283272283,0
1494,7,0.150390625,0.1392209639624745,7.709151154435038e-10,0.010002442002442,0
1495,5,0.373046875,0.4018171994422067,6.917935910667136e-10,0.0071017338217338,0
1496,7,0.23046875,0.2812409576092699,1.072097119447165e-09,0.0095023199023199,0
1497,3,0.314453125,0.291015625,6.339247645351695e-10,0.0110026862026862,0
1498,5,0.3798828125,0.3677519659823544,6.693380861206523e-10,0.0097023687423687,0
1499,6,0.06015625,0.0659497174700165,6.871117510325957e-10,0.0096023443223443,0
1500,5,0.4033203125,0.3640404428504636,1.0117771264420191e-09,0.0127031013431013,0
1501,6,0.2015625,0.18488739710801,8.070731229156136e-10,0.0134032722832722,0
1502,9,0.2353515625,0.2919366585995622,1.5967729167877972e-09,0.0277067643467643,0
1503,29,0.0546875,0.0648954989290474,1.3439446430761104e-09,0.0367089621489621,0
1504,5,0.1494140625,0.0940496107629796,1.0968564413218716e-09,0.0177043223443223,0
1505,11,0.19375,0.1500549215860229,8.989693213193671e-10,0.0137033455433455,0
1506,11,0.180859375,0.1913747582511945,1.0839293634394367e-09,0.0086021001221001,0
1507,12,0.1324573863636363,0.1024119652716954,1.0322979025875084e-09,0.0133032478632478,0
1508,5,0.3642578125,0.3389713006488517,8.287927530959239e-10,0.0103025152625152,0
1509,7,0.1015625,0.1402447114923143,9.133186387364501e-10,0.0095023199023199,0
1510,15,0.1107700892857142,0.156435486602722,1.410233110577948e-09,0.0308075213675213,0
1511,13,0.1253255208333333,0.1581063098608897,1.879716953486413e-09,0.0175042735042735,0
1512,7,0.2766927083333333,0.2128508022132432,7.390441177772335e-10,0.0084020512820512,0
1513,9,0.16552734375,0.1085511926923722,8.363440036531267e-10,0.0122029792429792,0
1514,8,0.2700892857142857,0.2353720289840346,7.040385099908907e-10,0.0090021978021978,0
1515,2,0.0234375,0.0,7.341330197156661e-10,0.0098023931623931,0
1516,2,0.08984375,0.0,7.294346732433384e-10,0.011202735042735,0
1517,11,0.180859375,0.2118473577331462,1.2128504787845444e-09,0.0089021733821733,0
1518,7,0.3229166666666667,0.2587937712490901,9.12779225177634e-10,0.0098023931623931,0
1519,8,0.2416294642857142,0.2225968021695211,1.1323555423429504e-09,0.0133032478632478,0
1520,4,0.2916666666666667,0.1866662597651815,6.035970518700027e-10,0.0123030036630036,0
1521,7,0.287109375,0.2191768296741597,8.466591584036639e-10,0.0105025641025641,0
1522,5,0.3017578125,0.2377744193547988,7.115458761578265e-10,0.0103025152625152,0
1523,8,0.2360491071428571,0.2170880860971391,1.1725945581772046e-09,0.0125030525030525,0
1524,7,0.1575520833333333,0.1970065422542414,9.497383190277532e-10,0.0149036385836385,0
1525,10,0.1736111111111111,0.1320072493069936,1.0601191198318026e-09,0.0177043223443223,0
1526,10,0.1540798611111111,0.1644146261588244,7.688941966428802e-10,0.012403028083028,0
1527,13,0.1025390625,0.1228982340467241,1.5223327846095703e-09,0.0118028815628815,0
1528,7,0.2740885416666667,0.3381890441198783,7.637859810536092e-10,0.0115028083028083,0
1529,10,0.1848958333333333,0.1967395780938387,9.954157333750394e-10,0.0086021001221001,0
1530,9,0.193359375,0.218697677894408,1.1451354133588563e-09,0.0101024664224664,0
1531,11,0.1828125,0.1837001021748831,7.981436610571796e-10,0.0197048107448107,0
1532,12,0.1466619318181818,0.1904753542734982,1.346014263556617e-09,0.0126030769230769,0
1533,8,0.2159598214285714,0.1742894821295734,6.838017937834786e-10,0.010002442002442,0
1534,11,0.171484375,0.196686184879024,1.0725851722660903e-09,0.0089021733821733,0
1535,8,0.17578125,0.2021676443385803,1.3320151844090143e-09,0.0097023687423687,0
1536,9,0.2255859375,0.2523445814372912,1.4043762554536935e-09,0.0105025641025641,0
1537,8,0.2689732142857143,0.1798382104215197,1.8471968260444107e-09,0.0140034188034188,0
1538,14,0.1334134615384615,0.1319599879681572,1.5389194692437022e-09,0.0092022466422466,0
1539,7,0.2701822916666667,0.1963438481622343,8.966355512386302e-10,0.0092022466422466,0
1540,8,0.1902901785714285,0.1540259444046518,9.244334420158595e-10,0.0095023199023199,0
1541,8,0.2516741071428571,0.3614968967744412,1.0735104366299992e-09,0.0086021001221001,0
1542,9,0.201171875,0.2221931862405297,9.573915206012272e-10,0.0118028815628815,0
1543,9,0.2001953125,0.1487038882292985,9.0031879602049e-10,0.0134032722832722,0
1544,18,0.0935202205882353,0.0972045674565668,9.9364407495274e-10,0.0156038095238095,0
1545,9,0.171875,0.2005546508280224,1.3205460267330684e-09,0.0220053724053724,0
1546,11,0.176953125,0.2878726037439619,1.2825521287574859e-09,0.0191046642246642,0
1547,19,0.0848524305555555,0.1404851105158282,1.2457922367048395e-09,0.0189046153846153,0
1548,9,0.2490234375,0.2508891506338241,1.730417479526053e-09,0.0206050305250305,0
1549,13,0.1298828125,0.1361980878295212,1.474952327934242e-09,0.0154037606837606,0
1550,17,0.12109375,0.0923665006080143,1.725530179061543e-09,0.0417101831501831,0
1551,37,0.0438368055555555,0.0374007556178362,2.1053601193038576e-09,0.0295072039072039,0
1552,8,0.1635044642857142,0.2451879639692426,1.486184383763367e-09,0.0188045909645909,0
1553,18,0.1148897058823529,0.1749652158568667,1.2039725680980258e-09,0.0197048107448107,0
1554,10,0.1861979166666666,0.1943378459042253,1.1786492081149243e-09,0.0214052258852258,0
1555,21,0.0927734375,0.0993438172749654,1.9644736351696052e-09,0.0271066178266178,0
1556,19,0.0687934027777777,0.1073025607024341,4.730524732356234e-09,0.0299073015873015,0
1557,14,0.078125,0.1363447838758206,2.3284155025970493e-09,0.0199048595848595,0
1558,4,0.0299479166666666,0.0128899673653797,1.2957902333832391e-09,0.0104025396825396,0
1559,10,0.140625,0.1363648693915213,8.759369389534795e-10,0.0118028815628815,0
1560,52,0.0357689950980392,0.030112696870383,2.8860699172283413e-09,0.0607148229548229,0
1561,9,0.1875,0.1857523533298518,1.3369364697103364e-09,0.012403028083028,0
1562,26,0.07359375,0.0638016794204901,1.33616865535936e-09,0.0297072527472527,0
1563,2,1.421875,0.0,8.132426120993541e-10,0.016203956043956,0
1564,4,0.58984375,0.152427194027728,8.289557308788076e-10,0.0147035897435897,0
1565,3,0.625,0.4296875,6.338325139049153e-10,0.0110026862026862,0
1566,2,0.9453125,0.0,6.190985727172196e-10,0.0066016117216117,0
1567,6,0.20625,0.2054464697996171,9.287431825335328e-10,0.0070017094017094,0
1568,9,0.08447265625,0.1390556076570593,1.4240697296615335e-09,0.0209051037851037,0
1569,13,0.1022135416666666,0.0891023721360385,1.2576065748455858e-09,0.0148036141636141,0
1570,7,0.2252604166666666,0.3313770106672832,1.1835877062582644e-09,0.0105025641025641,0
1571,6,0.25625,0.3809473055546856,1.0047214656189011e-09,0.0087021245421245,0
1572,8,0.2087053571428571,0.165778877185408,8.060690674472723e-10,0.0104025396825396,0
1573,12,0.1558948863636363,0.1935607131969474,1.6350889418883924e-09,0.0127031013431013,0
1574,16,0.1130208333333333,0.1290085347561569,1.2467226008034155e-09,0.0115028083028083,0
1575,10,0.1705729166666666,0.1798572567690834,1.440231522013802e-09,0.0088021489621489,0
1576,23,0.0486505681818181,0.0439380482115794,1.3691878276828483e-09,0.0161039316239316,0
1577,4,0.265625,0.209218497168132,1.0454552221050043e-09,0.014303492063492,0
1578,3,0.607421875,0.564453125,1.086422508818342e-09,0.008101978021978,0
1579,5,0.328125,0.2711821046579563,8.315219369305906e-10,0.0113027594627594,0
1580,4,0.44921875,0.2857887534325689,1.0571391341094291e-09,0.009302271062271,0
1581,14,0.1219951923076923,0.1152295758265009,1.614957339499464e-09,0.0149036385836385,0
1582,7,0.2473958333333333,0.1884965199745998,8.534246549814314e-10,0.0083020268620268,0
1583,8,0.2271205357142857,0.3580285126301901,7.849247947247603e-10,0.008101978021978,0
1584,1,0.0,0.0,6.936007985472842e-10,0.0080019536019536,0
1585,8,0.1735491071428571,0.1492701205116115,1.144439189219409e-09,0.008101978021978,0
1586,10,0.1558159722222222,0.1610003211023559,1.0231381594934707e-09,0.0103025152625152,0
1587,8,0.1863839285714285,0.1784056847999562,8.8996049822515e-10,0.009302271062271,0
1588,7,0.18359375,0.1081591648817457,6.767176013513008e-10,0.0102024908424908,0
1589,4,0.6171875,0.4582260468655635,6.835205268484229e-10,0.0096023443223443,0
1590,9,0.07177734375,0.0597840523828179,9.103581644346867e-10,0.0108026373626373,0
1591,16,0.11953125,0.1152248848493313,1.672255095332018e-09,0.0130031746031746,0
1592,8,0.2254464285714285,0.2830633066625957,1.220275771078484e-09,0.0089021733821733,0
1593,3,0.1953125,0.15625,6.354078328337141e-10,0.0117028571428571,0
1594,5,0.4326171875,0.4719000197087029,6.213997090385024e-10,0.0114027838827838,0
1595,6,0.3140625,0.273912533798428,1.2248466008896982e-09,0.0094022954822954,0
1596,5,0.4384765625,0.2144950117051366,7.610298973852085e-10,0.0120029304029304,0
1597,6,0.33125,0.4277827098831835,7.380276929627319e-10,0.0089021733821733,0
1598,9,0.158203125,0.2177712478869742,1.5043975587988862e-09,0.0091022222222222,0
1599,12,0.1331676136363636,0.1928714972878009,7.17397188953107e-10,0.0323078876678876,0
1600,1,0.0,0.0,4.4457246543012334e-10,0.0111027106227106,0
1601,3,0.1328125,0.11328125,5.482577904052263e-10,0.0082020024420024,0
1602,5,0.3369140625,0.363064609042737,9.50413498972622e-10,0.0094022954822954,0
1603,2,0.69921875,0.0,6.521269818674235e-10,0.0076018559218559,0
1604,9,0.20458984375,0.1780982014089215,1.104907178190145e-09,0.0097023687423687,0
1605,4,0.4778645833333333,0.6592297595437084,5.500516059138427e-10,0.0095023199023199,0
1606,4,0.5690104166666666,0.5364456915986204,7.84275355133013e-10,0.0069016849816849,0
1607,5,0.296875,0.2914936824264486,7.007801906854676e-10,0.0077018803418803,0
1608,1,0.0,0.0,6.235063647623743e-10,0.0088021489621489,0
1609,8,0.1300223214285714,0.1465712433752485,1.4370662203079784e-09,0.0216052747252747,0
1610,1,0.0,0.0,4.913605678615407e-10,0.0086021001221001,0
1611,9,0.21435546875,0.2677522635626902,8.034956931147978e-10,0.0129031501831501,0
1612,8,0.2433035714285714,0.2293900136887001,1.303387001270758e-09,0.0107026129426129,0
1613,9,0.19921875,0.2233575851406075,1.2873430601352418e-09,0.0111027106227106,0
1614,15,0.1286272321428571,0.1723022811721831,1.3214593195033324e-09,0.0170041514041514,0
1615,2,0.02734375,0.0,6.73187678225739e-10,0.0096023443223443,0
1616,3,0.513671875,0.482421875,5.411196474741003e-10,0.0102024908424908,0
1617,1,0.0,0.0,3.0613252848257424e-10,0.0103025152625152,0
1618,1,0.0,0.0,6.68048468805394e-10,0.010002442002442,0
1619,3,0.4765625,0.43359375,7.225616029545171e-10,0.0083020268620268,0
1620,2,0.09765625,0.0,6.492819885734263e-10,0.007401807081807,0
1621,2,0.0234375,0.0,4.922691912618652e-10,0.0085020757020757,0
1622,1,0.0,0.0,5.756842455574711e-10,0.0048011721611721,0
1623,2,0.3359375,0.0,5.960463557204055e-10,0.0046011233211233,0
1624,2,1.203125,0.0,4.5913506263780985e-10,0.0053012942612942,0
1625,3,0.318359375,0.056640625,7.7806853836072e-10,0.0042010256410256,0
1626,0,0.0,0.0,4.060761763271493e-10,0.0052012698412698,0
1627,11,0.1125,0.2263522731551419,9.75039045553297e-10,0.0225054945054945,0
1628,1,0.0,0.0,6.526008978747645e-10,0.0107026129426129,0
1629,1,0.0,0.0,5.221414877793653e-10,0.0075018315018315,0
1630,4,0.0911458333333333,0.0535914469459809,6.274949809805577e-10,0.0073017826617826,0
1631,0,0.0,0.0,4.152487226262409e-10,0.0049011965811965,0
1632,2,0.01953125,0.0,7.866867207311919e-10,0.0052012698412698,0
1633,11,0.180078125,0.1975686101406056,9.591281768021691e-10,0.0097023687423687,0
1634,5,0.4658203125,0.3932759170867817,8.270343631850613e-10,0.0106025885225885,0
1635,4,0.1067708333333333,0.0905111833176185,7.907360113876254e-10,0.0215052503052503,0
1636,11,0.1828125,0.1798810099326079,1.254394285348097e-09,0.0425103785103785,0
1637,9,0.17529296875,0.1607676674728569,9.39285615866717e-10,0.0264064468864468,0
1638,4,0.2044270833333333,0.0186884115812595,6.62794190106461e-10,0.0044010744810744,0
1639,2,1.69140625,0.0,5.131433154842035e-10,0.0067016361416361,0
1640,5,0.318359375,0.309562610807193,7.478263861634397e-10,0.0238058119658119,0
1641,17,0.0947265625,0.1043186350778791,1.0346119463564518e-09,0.0263064224664224,0
1642,0,0.0,0.0,6.498272152590488e-10,0.0087021245421245,0
1643,2,0.453125,0.0,4.5257979777353636e-10,0.0051012454212454,0
1644,16,0.0763020833333333,0.1827015481208735,9.99444566856712e-10,0.0168041025641025,0
1645,0,0.0,0.0,4.019233232617504e-10,0.0092022466422466,0
1646,4,0.3854166666666667,0.4927073698457809,7.260215024194534e-10,0.0073017826617826,0
1647,0,0.0,0.0,5.041966180716752e-10,0.0072017582417582,0
1648,2,0.640625,0.0,4.930083866496412e-10,0.0080019536019536,0
1649,5,0.1904296875,0.2048152146588766,7.238725952453631e-10,0.0210051282051282,0
1650,6,0.146875,0.1209449690846006,9.043031324681964e-10,0.0194047374847374,0
1651,4,0.2916666666666667,0.1142128242686895,7.681850074020403e-10,0.0099024175824175,0
1652,3,0.71484375,0.6953125,5.348408089608293e-10,0.0080019536019536,0
1653,6,0.2015625,0.2592832104150305,7.810214722531573e-10,0.0095023199023199,0
1654,6,0.3,0.199783207698057,6.617047814907246e-10,0.0089021733821733,0
1655,8,0.2243303571428571,0.3427393392994797,7.629007429388038e-10,0.0071017338217338,0
1656,6,0.3375,0.3052538806315572,8.233470640064045e-10,0.0095023199023199,0
1657,6,0.21015625,0.2155938609761998,8.418220353216347e-10,0.0115028083028083,0
1658,3,0.4140625,0.38671875,7.835832680856145e-10,0.0125030525030525,0
1659,5,0.2900390625,0.171015584848956,8.781199585014258e-10,0.0101024664224664,0
1660,7,0.2141927083333333,0.2704676580330514,8.608065223678776e-10,0.0104025396825396,0
1661,6,0.30546875,0.4022064389480233,1.0878783948381015e-09,0.0097023687423687,0
1662,3,0.615234375,0.591796875,9.554771907393243e-10,0.0052012698412698,0
1663,1,0.0,0.0,8.932128559017294e-10,0.0087021245421245,0
1664,4,0.30078125,0.1461584916708571,5.101963612737994e-10,0.0129031501831501,0
1665,7,0.2565104166666667,0.4271984410429348,6.658405504158709e-10,0.0108026373626373,0
1666,12,0.1683238636363636,0.1616215753130231,1.2511439193458995e-09,0.0159038827838827,0
1667,5,0.287109375,0.2280644584690847,5.141688321175501e-10,0.0159038827838827,0
1668,18,0.1112132352941176,0.1103563320242282,1.1425987370827684e-09,0.0308075213675213,0
1669,9,0.125,0.1843505843208887,7.52511559049162e-10,0.0095023199023199,0
1670,0,0.0,0.0,5.845986871627896e-10,0.0092022466422466,0
1671,3,0.69140625,0.296875,5.550069476823711e-10,0.0106025885225885,0
1672,4,0.55859375,0.743057330199724,6.6481112497596e-10,0.009302271062271,0
1673,5,0.07421875,0.0568087483290976,9.138145371218287e-10,0.0298072771672771,0
1674,10,0.1666666666666666,0.3347038070516395,1.1815913473651564e-09,0.0188045909645909,0
1675,7,0.2721354166666667,0.1914815257307622,8.352793226648538e-10,0.0145035409035409,0
1676,6,0.09921875,0.1350365257300779,7.809624045487141e-10,0.0254062026862026,0
1677,3,0.22265625,0.1875,7.897270734052441e-10,0.0059014407814407,0
1678,8,0.2008928571428571,0.1373765607212043,1.149308015448125e-09,0.0125030525030525,0
1679,4,0.5481770833333334,0.3799897702273451,9.216471454623927e-10,0.0113027594627594,0
1680,8,0.1925223214285714,0.2421759275543266,8.716462759975235e-10,0.0125030525030525,0
1681,2,0.01171875,0.0,6.267584126229385e-10,0.0142034676434676,0
1682,5,0.4619140625,0.3464512892003351,6.420994720688515e-10,0.016203956043956,0
1683,7,0.1901041666666666,0.1622178456544924,1.153176382869606e-09,0.012403028083028,0
1684,7,0.2942708333333333,0.3171582071175423,8.877495649530905e-10,0.0066016117216117,0
1685,15,0.0691964285714285,0.0522292810571321,1.7461018879116404e-09,0.0513125274725274,0
1686,1,0.0,0.0,6.839851093571332e-10,0.0049011965811965,0
1687,2,0.3359375,0.0,7.227309721486116e-10,0.0056013675213675,0
1688,4,0.33984375,0.388588441107684,6.11877110825428e-10,0.0096023443223443,0
1689,7,0.3177083333333333,0.2944292300470121,9.246781803615591e-10,0.0147035897435897,0
1690,10,0.1636284722222222,0.3318215455239174,8.138618091056275e-10,0.0135032967032967,0
1691,3,0.46484375,0.44921875,5.010432716533907e-10,0.0101024664224664,0
1692,1,0.0,0.0,3.8000226608285205e-10,0.0083020268620268,0
1693,15,0.1255580357142857,0.1942317034875315,1.928664149166953e-09,0.0180043956043956,0
1694,21,0.084375,0.157932349292743,2.8008549151635232e-09,0.0357087179487179,0
1695,8,0.14453125,0.2076462815381174,1.0745079184081586e-09,0.0176042979242979,0
1696,1,0.0,0.0,4.78014369476423e-10,0.0060014652014652,0
1697,3,0.369140625,0.357421875,7.35913304068066e-10,0.0077018803418803,0
1698,1,0.0,0.0,8.836466662259356e-10,0.0071017338217338,0
1699,14,0.12890625,0.1383106159062122,1.634369171149448e-09,0.0241058852258852,0
1700,5,0.451171875,0.2778727898760791,8.572156842890014e-10,0.0115028083028083,0
1701,2,0.0234375,0.0,6.117349920463471e-10,0.020004884004884,0
1702,15,0.1007254464285714,0.0953543271648649,9.845742134446921e-10,0.0203049572649572,0
1703,16,0.1138020833333333,0.2337137663167752,1.1285810817862098e-09,0.0146035653235653,0
1704,16,0.1044270833333333,0.1362414784542097,1.1963229987096743e-09,0.0173042246642246,0
1705,10,0.1666666666666666,0.2118277894181773,1.331573829948372e-09,0.0173042246642246,0
1706,15,0.126953125,0.1078471694709259,2.091262325902035e-09,0.0511124786324786,0
1707,8,0.2734375,0.5250176044029721,8.53589074107618e-10,0.021205177045177,0
1708,7,0.2584635416666667,0.2339885775684545,1.1497072634664207e-09,0.021205177045177,0
1709,13,0.08203125,0.0754590713686758,9.013784197864437e-10,0.0254062026862026,0
1710,9,0.13623046875,0.1404816638751543,6.972321730234391e-10,0.0125030525030525,0
1711,10,0.1276041666666666,0.1637211230104157,9.204734616493431e-10,0.0115028083028083,0
1712,7,0.2766927083333333,0.2970070350119188,7.749336661782287e-10,0.0198048351648351,0
1713,2,0.88671875,0.0,6.186551450516651e-10,0.0149036385836385,0
1714,11,0.186328125,0.3464561889606543,8.749307479676068e-10,0.0164040048840048,0
1715,10,0.2113715277777778,0.216619433175072,7.33711560451487e-10,0.0142034676434676,0
1716,13,0.1513671875,0.1535834061692648,7.485506474875177e-10,0.019304713064713,0
1717,7,0.2434895833333333,0.2251060706768157,6.421224339779741e-10,0.0155037851037851,0
1718,3,0.232421875,0.169921875,5.755966357614709e-10,0.017404249084249,0
1719,4,0.0338541666666666,0.0265573932999624,6.441146674262515e-10,0.0171041758241758,0
1720,10,0.1723090277777778,0.2478370821335629,6.959042410178512e-10,0.0132032234432234,0
1721,8,0.2494419642857142,0.2353442437494651,1.7831736027949964e-09,0.0208050793650793,0
1722,5,0.2919921875,0.1478549165735805,7.18332334817282e-10,0.0153037362637362,0
1723,5,0.13671875,0.1784733093993854,6.210283543616876e-10,0.0076018559218559,0
1724,19,0.1091579861111111,0.1409229110890623,1.0994805806390052e-09,0.0392095726495726,0
1725,7,0.2604166666666667,0.2601756697373216,1.0629713763313235e-09,0.0136033211233211,0
1726,10,0.1106770833333333,0.2061819253186975,9.895219361851686e-10,0.011202735042735,0
1727,3,0.626953125,0.564453125,5.751211660151677e-10,0.0142034676434676,0
1728,12,0.1715198863636363,0.1325140210693143,8.34041351446342e-10,0.021205177045177,0
1729,15,0.1102120535714285,0.1911850635916344,6.698305118878033e-10,0.0197048107448107,0
1730,12,0.1530539772727272,0.2261753290935449,1.1217832967890202e-09,0.0240058608058608,0
1731,4,0.4361979166666667,0.2648259529828296,6.110945254718146e-10,0.0173042246642246,0
1732,15,0.1029575892857142,0.1417182758138737,1.0755225588687698e-09,0.0319077899877899,0
1733,2,0.05078125,0.0,6.107732835354172e-10,0.0127031013431013,0
1734,9,0.1083984375,0.0919992367256678,1.098043010452866e-09,0.019304713064713,0
1735,7,0.2486979166666666,0.3123181979848992,1.0865485526886626e-09,0.0146035653235653,0
1736,6,0.165625,0.2903434456058032,1.882899049899107e-09,0.0242059096459096,0
1737,6,0.25078125,0.275631820352123,1.1179883347980874e-09,0.0167040781440781,0
1738,0,0.0,0.0,6.504705849028193e-10,0.0086021001221001,0
1739,3,0.3828125,0.35546875,6.292668647765373e-10,0.01810442002442,0
1740,7,0.2701822916666667,0.201508701974806,7.797627526794192e-10,0.0154037606837606,0
1741,10,0.2035590277777778,0.3076525315588604,9.694148791447326e-10,0.01810442002442,0
1742,5,0.228515625,0.1701462240216577,1.30681667678577e-09,0.0087021245421245,0
1743,13,0.1048177083333333,0.1193680945546708,1.116943553665165e-09,0.0136033211233211,0
1744,2,0.078125,0.0,9.192910965819045e-10,0.0134032722832722,0
1745,7,0.1536458333333333,0.1897604984355096,8.013845374880171e-10,0.0161039316239316,0
1746,19,0.0694444444444444,0.0508572407445556,1.2590093938079284e-09,0.0229055921855921,0
1747,11,0.12109375,0.1087453977115238,1.0392992786365036e-09,0.0223054456654456,0
1748,5,0.275390625,0.2584110594281243,8.21466983373176e-10,0.0115028083028083,0
1749,3,0.0234375,0.0,5.942739571173638e-10,0.0113027594627594,0
1750,6,0.20078125,0.1628039525107575,6.617519265198408e-10,0.0110026862026862,0
1751,2,1.21875,0.0,6.766871316450642e-10,0.0168041025641025,0
1752,13,0.1048177083333333,0.0647745562465368,1.0057441420779903e-09,0.0173042246642246,0
1753,7,0.2623697916666667,0.3251149813715082,1.2941095985567136e-09,0.0106025885225885,0
1754,6,0.3234375,0.2962307977690284,5.828937183847896e-10,0.0064015628815628,0
1755,4,0.421875,0.3098684774340424,7.111751335423495e-10,0.009302271062271,0
1756,9,0.1640625,0.1381620248736515,8.90620811077828e-10,0.0163039804639804,0
1757,1,0.0,0.0,5.666143357134657e-10,0.0087021245421245,0
1758,4,0.2109375,0.2312508797843624,5.762436474904996e-10,0.0105025641025641,0
1759,4,0.23828125,0.2928037729933934,5.847742660714845e-10,0.0111027106227106,0
1760,6,0.13515625,0.1481205497749215,5.513874516221128e-10,0.0132032234432234,0
1761,4,0.1861979166666666,0.132748657040968,4.79028735645036e-10,0.0109026617826617,0
1762,3,0.267578125,0.244140625,5.914491804830632e-10,0.0102024908424908,0
1763,8,0.1623883928571428,0.3168217973868371,6.675778186781506e-10,0.0096023443223443,0
1764,5,0.23046875,0.185926831364098,6.45514371339978e-10,0.0098023931623931,0
1765,4,0.4778645833333333,0.6398967956406568,6.353902135037666e-10,0.0105025641025641,0
1766,5,0.2158203125,0.1970503737435696,5.439688972441376e-10,0.0098023931623931,0
1767,8,0.2204241071428571,0.3396599791951309,6.200413824512381e-10,0.0114027838827838,0
1768,4,0.2213541666666666,0.1407093689812345,8.107197063298253e-10,0.0144035164835164,0
1769,11,0.1796875,0.2444825730305229,9.502445723728347e-10,0.0129031501831501,0
1770,5,0.0380859375,0.0226722397778201,7.527806890000683e-10,0.0066016117216117,0
1771,5,0.3154296875,0.3399265232351404,8.037282088692915e-10,0.0068016605616605,0
1772,5,0.3212890625,0.3590072740758263,1.256930308797582e-09,0.0090021978021978,0
1773,11,0.177734375,0.2660970644428046,1.33406839162906e-09,0.0226055189255189,0
1774,4,0.2721354166666667,0.2393638600722351,6.248062065884866e-10,0.0125030525030525,0
1775,5,0.4814453125,0.5319917773421577,1.0691979141741618e-09,0.011202735042735,0
1776,2,0.26171875,0.0,6.245573311507376e-10,0.0128031257631257,0
1777,9,0.17626953125,0.1966015809330286,1.6677388438048346e-09,0.0148036141636141,0
1778,1,0.0,0.0,6.418488478012287e-10,0.0068016605616605,0
1779,15,0.0532924107142857,0.0526072612927971,9.570840596538856e-10,0.0394096214896214,0
1780,7,0.23828125,0.3556976140533264,8.641401985953267e-10,0.0076018559218559,0
1781,11,0.134765625,0.223949438110655,1.2707613348867924e-09,0.009302271062271,0
1782,8,0.2377232142857142,0.1827360351597855,1.350922997815168e-09,0.0159038827838827,0
1783,20,0.0988898026315789,0.1574330859085681,1.131097774929334e-09,0.0290070818070818,0
1784,10,0.2022569444444444,0.221903254156506,1.2352491185152011e-09,0.0161039316239316,0
1785,8,0.2014508928571428,0.1984003359863972,1.8519542728333934e-09,0.0188045909645909,0
1786,3,0.3046875,0.22265625,1.2353284925629244e-09,0.0082020024420024,0
1787,2,0.43359375,0.0,5.3574160543025e-10,0.0063015384615384,0
1788,8,0.1841517857142857,0.2616015243484909,1.1265847525935091e-09,0.0202049328449328,0
1789,10,0.0303819444444444,0.0113180597312545,8.853126150745198e-10,0.0222054212454212,0
1790,2,0.14453125,0.0,9.22446938416776e-10,0.0129031501831501,0
1791,9,0.16748046875,0.2402854803047576,4.886620284413897e-10,0.0083020268620268,0
1792,0,0.0,0.0,3.662867058600232e-10,0.0070017094017094,0
1793,3,0.70703125,0.390625,5.549182983721102e-10,0.0075018315018315,0
1794,2,0.015625,0.0,4.217443781904061e-10,0.0068016605616605,0
1795,1,0.0,0.0,4.861774064970606e-10,0.0080019536019536,0
1796,1,0.0,0.0,3.966052643937258e-10,0.0085020757020757,0
1797,0,0.0,0.0,3.6267308465683005e-10,0.0078019047619047,0
1798,3,0.017578125,0.009765625,3.7822108431225876e-10,0.0075018315018315,0
1799,6,0.13671875,0.2363587919152257,7.97257881346709e-10,0.0179043711843711,0
