epoch,spike_count,isi_mean,isi_std,v_var,dvdt_max,label
0,3,0.275390625,0.162109375,7.448162556922286e-10,0.0146035653235653,0
1,3,0.11328125,0.10546875,5.249043617762136e-10,0.0058014163614163,0
2,4,0.359375,0.248612687184638,7.549751490284914e-10,0.0040009768009768,0
3,6,0.0953125,0.0809489615436788,1.619772373631405e-09,0.0037009035409035,0
4,1,0.0,0.0,1.1282843572449798e-09,0.0036008791208791,0
5,4,0.3841145833333333,0.1635760811720259,6.874692699784274e-10,0.0033008058608058,0
6,2,0.234375,0.0,7.590734901990052e-10,0.0042010256410256,0
7,1,0.0,0.0,6.630721573844856e-10,0.0035008547008546,0
8,0,0.0,0.0,3.8273585664267896e-10,0.0035008547008547,0
9,3,0.4609375,0.4453125,5.675194847484795e-10,0.0033008058608058,0
10,1,0.0,0.0,3.076786705464017e-10,0.0036008791208791,0
11,4,0.3528645833333333,0.2029579975874866,1.1185709630321008e-09,0.0034008302808302,0
12,0,0.0,0.0,3.598546598331969e-10,0.003100757020757,0
13,1,0.0,0.0,8.413974848856373e-10,0.0033008058608058,0
14,1,0.0,0.0,4.573948260818682e-10,0.0030007326007326,0
15,1,0.0,0.0,3.779642730421119e-10,0.0030007326007326,0
16,3,0.560546875,0.544921875,6.275215011149648e-10,0.0037009035409035,0
17,1,0.0,0.0,3.910794581639362e-10,0.0035008547008547,0
18,1,0.0,0.0,1.5890923890923891e-09,0.0041010012210012,0
19,0,0.0,0.0,2.7937709871232073e-10,0.0086021001221001,0
20,4,0.5182291666666666,0.5285752723845384,8.954724186409165e-10,0.0041010012210012,0
21,1,0.0,0.0,6.579864675160003e-10,0.0037009035409035,0
22,4,0.1940104166666666,0.1789026488599239,8.935770708335381e-10,0.0039009523809523,0
23,2,0.81640625,0.0,4.1595756943885366e-10,0.0048011721611721,0
24,7,0.111328125,0.1228814198449015,3.7207738649645685e-09,0.0183044688644688,0
25,9,0.20263671875,0.24443293048252,1.0750110829108652e-09,0.0118028815628815,0
26,7,0.3203125,0.3451233220486193,1.7010532044014183e-09,0.0165040293040293,0
27,4,0.09375,0.0283483607514026,3.0590072670258107e-09,0.0059014407814407,0
28,5,0.2734375,0.3270536826396012,1.0320607250337675e-09,0.0045010989010989,0
29,2,0.02734375,0.0,1.2759567025363727e-09,0.0052012698412698,0
30,5,0.2421875,0.244148437375004,2.529431158695123e-09,0.015003663003663,0
31,1,0.0,0.0,6.239507247877783e-10,0.005001221001221,0
32,1,0.0,0.0,7.905979831117192e-10,0.0049011965811965,0
33,7,0.216796875,0.1574619340056741,2.4164992798291787e-09,0.0050012210012209,0
34,0,0.0,0.0,8.275568510057978e-10,0.0028006837606837,0
35,1,0.0,0.0,5.269893449380627e-10,0.0030007326007326,0
36,2,0.2265625,0.0,8.477862807132495e-10,0.0039009523809523,0
37,1,0.0,0.0,1.042362163437312e-09,0.0033008058608058,0
38,6,0.26015625,0.3104286823038023,4.913286771946341e-09,0.0051012454212454,0
39,2,0.3671875,0.0,3.09909439031749e-10,0.0032007814407814,0
40,0,0.0,0.0,3.1501748573635016e-10,0.0036008791208791,0
41,3,0.08984375,0.078125,1.0180148130025074e-09,0.0039009523809523,0
42,1,0.0,0.0,4.172893339617241e-10,0.0037009035409035,0
43,1,0.0,0.0,1.7472647805766506e-09,0.0036008791208791,0
44,1,0.0,0.0,7.667670697675848e-10,0.0044010744810744,0
45,4,0.3815104166666667,0.3519432737322127,9.796731570326463e-10,0.00430105006105,0
46,1,0.0,0.0,4.820935608724643e-10,0.0032007814407814,0
47,4,0.11328125,0.0889047396620393,1.4584360146302107e-09,0.0039009523809523,0
48,4,0.3255208333333333,0.3748145881331602,9.04945236059304e-10,0.0034008302808302,0
49,9,0.1787109375,0.1931101416146588,7.866264492867055e-10,0.0071017338217338,0
50,2,0.30078125,0.0,6.730588910860202e-09,0.0094022954822954,0
51,1,0.0,0.0,3.4244507358060467e-10,0.0034008302808302,0
52,2,1.08984375,0.0,1.2313992241647915e-09,0.0083020268620268,0
53,4,0.28515625,0.3403746451904749,2.849201876674404e-09,0.0098023931623931,0
54,2,0.01953125,0.0,1.2258230198377291e-09,0.0040009768009768,0
55,0,0.0,0.0,3.1978094598429993e-10,0.0051012454212454,0
56,1,0.0,0.0,6.78864537233642e-10,0.0044010744810744,0
57,6,0.08359375,0.1063935152071074,1.314953234437266e-09,0.0040009768009768,0
58,1,0.0,0.0,1.1354289422527171e-09,0.0036008791208791,0
59,1,0.0,0.0,4.482240268655676e-10,0.0036008791208791,0
60,3,0.34765625,0.33984375,7.197215923406398e-10,0.0034008302808302,0
61,2,0.0078125,0.0,4.2833618969722437e-10,0.0036008791208791,0
62,0,0.0,0.0,2.0248256970441035e-10,0.003100757020757,0
63,0,0.0,0.0,6.945025663947365e-10,0.0040009768009768,0
64,7,0.2825520833333333,0.0755320573555894,4.63103354284816e-09,0.0059014407814407,0
65,3,0.232421875,0.029296875,2.1581014302225382e-09,0.0047011477411477,1
66,4,0.5546875,0.477979876532257,3.3384065816429022e-09,0.0046011233211233,1
67,8,0.2650669642857143,0.1590626942082131,7.078966947150325e-09,0.006201514041514,1
68,10,0.19921875,0.0984774500061929,1.1204848464561149e-08,0.009302271062271,1
69,10,0.1723090277777778,0.0865947962270447,9.46987815891204e-09,0.0149036385836385,1
70,8,0.21875,0.1511298362321403,8.845408768338313e-09,0.0134032722832722,1
71,8,0.2449776785714285,0.1090499451869674,4.6827946331666565e-09,0.0102024908424908,1
72,9,0.2294921875,0.0619405503277323,7.4225405826367375e-09,0.0107026129426129,1
73,11,0.17265625,0.0328125,5.980508696465655e-09,0.0139033943833943,1
74,12,0.1786221590909091,0.0774131437484993,4.8870362397849234e-09,0.0121029548229548,1
75,14,0.1370192307692307,0.0821736621306728,7.2556581046565e-09,0.0108026373626373,1
76,14,0.130108173076923,0.1024185517271569,6.890302571794386e-09,0.0254062026862026,1
77,12,0.1750710227272727,0.0975044015714194,3.421313566209685e-09,0.0167040781440781,1
78,12,0.15234375,0.1113608280316124,3.6537013928955318e-09,0.013103199023199,1
79,12,0.1725852272727272,0.1302158658289561,3.181545605825882e-09,0.0133032478632478,1
80,15,0.1219308035714285,0.0987569506048533,4.302397572961905e-09,0.0159038827838827,1
81,17,0.11669921875,0.0753014546125933,4.4018089528162785e-09,0.0220053724053724,1
82,15,0.1196986607142857,0.086702750782106,5.329542673824954e-09,0.0236057631257631,1
83,12,0.1519886363636363,0.1592873685511775,8.872594704349796e-09,0.0180043956043956,1
84,24,0.0793138586956521,0.0686649786029028,6.296827595820269e-09,0.0294071794871794,1
85,17,0.1181640625,0.0733462801977554,6.997140970642859e-09,0.0196047863247863,1
86,20,0.092516447368421,0.0448803374817691,5.501091810272213e-09,0.0186045421245421,1
87,17,0.109375,0.0607355929901023,7.636376238495342e-09,0.0217052991452991,1
88,13,0.1598307291666666,0.1125770399253263,5.93039961327507e-09,0.0167040781440781,1
89,14,0.1502403846153846,0.1234562822763828,7.67217881769736e-09,0.0219053479853479,1
90,11,0.176953125,0.0954924338973545,7.633108620632945e-09,0.0136033211233211,1
91,13,0.1614583333333333,0.0974781361815055,6.2976607999859485e-09,0.0153037362637362,1
92,13,0.14453125,0.1001504402241115,6.531091890754493e-09,0.0158038583638583,1
93,13,0.15234375,0.1018125927204407,8.920041070305779e-09,0.0298072771672771,1
94,9,0.17822265625,0.0995890278697703,9.450325963718821e-09,0.0167040781440781,1
95,19,0.1072048611111111,0.065224137147588,9.24370836294056e-09,0.0418102075702075,1
96,15,0.1236049107142857,0.0970248240964746,5.597076671997831e-08,0.206250354090354,1
97,9,0.20849609375,0.1276862470851976,1.206909968677368e-08,0.0466113797313797,1
98,16,0.11640625,0.082903350323082,9.640040917610742e-09,0.0258063003663003,1
99,22,0.0879836309523809,0.0732740535601425,1.6928502195174585e-08,0.0842205616605616,1
100,8,0.2555803571428571,0.1630075716987479,1.1508279252385536e-08,0.0158038583638583,1
101,9,0.1689453125,0.0827661924625392,1.0828506145911138e-08,0.0189046153846153,1
102,8,0.2131696428571428,0.1517898174340366,7.030077935150335e-09,0.0163039804639804,1
103,14,0.1478365384615384,0.1036427824077937,6.0194804197909175e-09,0.0103025152625152,1
104,9,0.22021484375,0.1709172701676959,7.2912601880550595e-09,0.0126030769230769,1
105,4,0.49609375,0.2503862575997166,1.0176552364008009e-08,0.0083020268620268,1
106,10,0.2039930555555555,0.1570377039012171,5.094371173539271e-09,0.0077018803418803,0
107,8,0.2237723214285714,0.102538967595923,3.972583975514378e-09,0.0089021733821733,0
108,5,0.4072265625,0.368539472062711,4.9419531859149535e-09,0.013103199023199,0
109,9,0.11328125,0.2304604738980133,4.113363960393493e-09,0.0739180463980463,0
110,3,0.314453125,0.240234375,4.143525361841811e-09,0.0336082051282051,0
111,5,0.138671875,0.1163544610047381,4.096691891164476e-09,0.076218608058608,0
112,5,0.318359375,0.5065376124072162,2.547894108333668e-09,0.0035008547008547,0
113,1,0.0,0.0,1.093213318878669e-09,0.0033008058608058,0
114,12,0.1196732954545454,0.1201019308177725,3.547996154274771e-09,0.0186045421245421,0
115,10,0.1901041666666666,0.162275318763702,1.0786093919816448e-08,0.1338326739926739,0
116,13,0.1129557291666666,0.1356492612578736,2.619501263653335e-09,0.0125030525030525,0
117,5,0.3154296875,0.4878621248055891,1.8710611616646987e-09,0.0285069597069597,0
118,9,0.10205078125,0.0668481819356412,9.434362740137694e-09,0.0692168986568986,0
119,5,0.2939453125,0.1986698742464631,4.045387845274807e-09,0.0238058119658119,0
120,2,1.18359375,0.0,1.6170329105439563e-09,0.0027006593406593,0
121,4,0.0690104166666666,0.0309775449306518,2.071794214309381e-09,0.0136033211233211,0
122,2,0.359375,0.0,5.118724049414583e-09,0.0075018315018315,0
123,5,0.255859375,0.3437666455486874,2.434617387936984e-09,0.0033008058608058,0
124,3,0.71875,0.15234375,1.454100060882341e-09,0.0030007326007326,0
125,6,0.1828125,0.216370992163922,2.0984193233506412e-09,0.0046011233211233,0
126,1,0.0,0.0,1.4146995440393447e-09,0.0046011233211233,0
127,7,0.2102864583333333,0.2180795233878007,2.4942420804271193e-09,0.0080019536019536,0
128,8,0.1690848214285714,0.2706306373723535,2.5623859778063643e-09,0.0087021245421245,0
129,6,0.22734375,0.1645342918759642,2.30377354042647e-09,0.0123030036630036,0
130,5,0.2294921875,0.3705009142083177,2.513082001613652e-09,0.0032007814407814,0
131,7,0.2903645833333333,0.3043423080207366,4.172669950040886e-09,0.0146035653235653,0
132,6,0.24375,0.2250840771731199,6.285839059455416e-09,0.0088021489621489,0
133,2,0.72265625,0.0,6.424859198521344e-09,0.0068016605616605,0
134,4,0.2278645833333333,0.0759015189676545,2.1701261136371595e-09,0.0027006593406593,0
135,7,0.1510416666666666,0.1664732764725734,3.399633243062729e-09,0.0040009768009768,0
136,10,0.1749131944444444,0.2191277258546554,1.9398742057295744e-09,0.0052012698412698,0
137,6,0.35,0.3593631112163921,1.8305096090252334e-09,0.0040009768009768,0
138,6,0.3234375,0.3112612165398622,2.5616316020162164e-09,0.0035008547008546,0
139,3,0.091796875,0.083984375,2.757376248185829e-09,0.0034008302808302,0
140,1,0.0,0.0,2.7601313138873224e-09,0.0033008058608058,0
141,5,0.4658203125,0.1812385292369712,3.358356538669324e-09,0.0045010989010989,0
142,5,0.3251953125,0.308313943064197,4.197442156651176e-09,0.0136033211233211,0
143,5,0.4072265625,0.078484281290383,2.211665541079461e-08,0.0580141636141636,0
144,2,0.73046875,0.0,3.539917943364886e-09,0.0038009279609279,0
145,7,0.103515625,0.1172905363002444,3.4285498713168705e-09,0.0040009768009768,0
146,1,0.0,0.0,2.5186366842101727e-09,0.003100757020757,0
147,2,1.2578125,0.0,1.3606903110795051e-09,0.003100757020757,0
148,5,0.1015625,0.0584633966683428,2.9017922926347835e-09,0.0070017094017094,0
149,5,0.45703125,0.3539739346148509,2.9839121139086794e-09,0.0029007081807081,0
150,2,1.09375,0.0,6.301813867360169e-09,0.0029007081807081,0
151,3,0.62109375,0.55859375,1.49160653906533e-09,0.0030007326007326,0
152,5,0.3515625,0.47075579969791,1.5223509606765671e-09,0.0108026373626373,0
153,8,0.2014508928571428,0.2403067920655154,6.988375889474788e-09,0.0145035409035409,0
154,4,0.2734375,0.1734069980686093,4.912836008280147e-09,0.0038009279609279,0
155,7,0.1927083333333333,0.2506975403298376,4.485303655451606e-09,0.0036008791208791,0
156,7,0.1295572916666666,0.1285193188003442,1.875191139592753e-09,0.0104025396825396,0
157,8,0.1551339285714285,0.2517786397973963,5.64157352618891e-09,0.0037009035409035,0
158,9,0.14013671875,0.2685062989076803,3.024741598884513e-09,0.0034008302808302,0
159,8,0.1584821428571428,0.2144411522367857,3.22653621630413e-09,0.0034008302808302,0
160,9,0.17041015625,0.2306667705638556,3.2157942567984343e-09,0.0263064224664224,0
161,11,0.180859375,0.3219235874281009,1.6793654254621803e-08,0.0202049328449328,0
162,9,0.2197265625,0.2782826180614533,5.845627372654902e-09,0.016203956043956,0
163,3,0.50390625,0.2578125,2.3140297270562834e-09,0.0029007081807081,0
164,5,0.2041015625,0.2035635102914271,2.37573578682925e-09,0.008101978021978,0
165,3,0.7421875,0.08203125,1.0319253667080188e-08,0.0195047619047619,0
166,2,0.82421875,0.0,2.0748696047288077e-09,0.0032007814407814,0
167,3,0.09765625,0.07421875,5.289090841759397e-09,0.0095023199023199,0
168,4,0.265625,0.124306343592319,1.840889747743141e-08,0.1246304273504273,0
169,8,0.1819196428571428,0.2157383681381826,2.9145603690947667e-09,0.01810442002442,0
170,2,0.8828125,0.0,2.8499722697195794e-09,0.0042010256410256,0
171,3,0.47265625,0.27734375,2.871731403188878e-09,0.0054013186813186,0
172,5,0.296875,0.1754554271990289,3.6701834924949052e-09,0.0042010256410256,0
173,4,0.4609375,0.2957592795370783,2.756287321764943e-09,0.0037009035409035,0
174,4,0.3111979166666667,0.2498643295064788,1.9341108404996333e-09,0.003100757020757,0
175,2,1.32421875,0.0,2.4128036569657447e-09,0.0036008791208791,0
176,4,0.3216145833333333,0.3536732546438127,1.5051169346971201e-09,0.0038009279609279,0
177,10,0.2135416666666666,0.3755782578608321,1.4931928226857254e-09,0.0025006105006104,0
178,1,0.0,0.0,3.740596864978733e-09,0.0046011233211233,0
179,3,0.62890625,0.4765625,1.6070387583794747e-09,0.0034008302808302,0
180,7,0.26953125,0.4270456188886372,1.3695071385104006e-09,0.0028006837606837,0
181,2,0.0234375,0.0,1.159094585641346e-09,0.0027006593406593,0
182,2,0.34375,0.0,1.33175545143408e-09,0.002400586080586,0
183,3,0.716796875,0.666015625,1.5705850606391471e-09,0.0029007081807081,0
184,6,0.2375,0.3826641932107379,1.6715317372497432e-09,0.0029007081807081,0
185,4,0.3932291666666667,0.4238516258525466,2.5235604125155976e-09,0.0027006593406593,0
186,6,0.175,0.1176138079159925,3.2821209318361892e-09,0.0032007814407814,0
187,2,0.26953125,0.0,2.556654334941022e-09,0.00430105006105,0
188,2,0.12890625,0.0,2.126433968283785e-09,0.0028006837606837,0
189,6,0.2078125,0.1501016907903605,2.9793536878029204e-09,0.0032007814407814,0
190,2,0.2421875,0.0,1.5247726224159944e-09,0.0028006837606837,0
191,3,0.037109375,0.025390625,8.418871997626574e-10,0.002400586080586,0
192,6,0.15390625,0.1888072915948295,1.4814847141670055e-09,0.0027006593406593,0
193,5,0.4033203125,0.1951439702589295,2.2932745133652304e-09,0.0032007814407814,0
194,2,0.54296875,0.0,3.599025547102469e-09,0.0028006837606837,0
195,7,0.201171875,0.1765427659971131,1.6058089192489943e-09,0.0035008547008547,0
196,2,1.265625,0.0,2.773855551288014e-09,0.0035008547008547,0
197,5,0.3779296875,0.3109381747597892,9.068779714384108e-10,0.0025006105006105,0
198,6,0.13671875,0.1251707817718456,1.7376759702552402e-09,0.0027006593406593,0
199,1,0.0,0.0,1.332789673198613e-09,0.0159038827838827,0
200,4,0.5182291666666666,0.2549624134029639,9.65189826718272e-10,0.0036008791208791,0
201,10,0.0360243055555555,0.0283948389475627,1.6671294054206711e-09,0.0058014163614163,0
202,5,0.3134765625,0.2895684839919336,1.687601263248012e-09,0.0075018315018315,0
203,13,0.1178385416666666,0.0924364539548562,3.99021123343253e-08,0.0859209768009768,0
204,23,0.0685369318181818,0.0538790598722448,5.31867489221198e-08,0.0994242735042735,0
205,18,0.111672794117647,0.0998337997997184,2.593762010611827e-08,0.083120293040293,0
206,30,0.0616918103448275,0.085313043419127,2.23761314387688e-08,0.1735423687423687,0
207,20,0.0970394736842105,0.1087067163003369,2.002166314582895e-08,0.1528373137973138,0
208,27,0.0725661057692307,0.082851135910583,1.9833334530085044e-08,0.1456355555555555,0
209,11,0.116015625,0.164453125,4.405668607535881e-09,0.0251061294261294,0
210,26,0.06921875,0.0571490649529806,4.7601986581053085e-09,0.0686167521367521,0
211,30,0.0668103448275862,0.0837504876992339,8.62417990303178e-09,0.1645401709401709,0
212,17,0.1201171875,0.1125083072562206,1.0454287210720361e-08,0.0760185592185592,0
213,13,0.0904947916666666,0.0888021787939369,2.2074417531332882e-08,0.139334017094017,0
214,7,0.2760416666666667,0.3432885357417305,9.44569973507702e-10,0.0038009279609279,0
215,5,0.40234375,0.4184977668511207,1.889938847792842e-09,0.0057013919413919,0
216,2,0.84765625,0.0,2.5044676028421444e-09,0.0047011477411477,0
217,1,0.0,0.0,8.14144651909361e-10,0.0054013186813186,0
218,6,0.265625,0.2160124462921639,1.4924783095012603e-09,0.0039009523809523,0
219,4,0.0208333333333333,0.0102526144192862,3.556105341544901e-09,0.005001221001221,0
220,5,0.1943359375,0.1056268707651453,2.112606818388927e-09,0.0048011721611721,0
221,3,0.572265625,0.255859375,3.1144404493319904e-09,0.003100757020757,0
222,6,0.078125,0.1045825033167594,1.299160356087153e-09,0.0026006349206349,0
223,1,0.0,0.0,7.952726245823771e-10,0.0028006837606837,0
224,10,0.1623263888888889,0.2428035337751408,1.7279322268848364e-09,0.0119029059829059,0
225,4,0.5846354166666666,0.0814608974980054,1.5680620873157502e-09,0.0075018315018314,0
226,1,0.0,0.0,1.7552316737770607e-09,0.0028006837606837,0
227,5,0.111328125,0.0998388899932192,1.895703676495801e-09,0.00430105006105,0
228,5,0.318359375,0.3610429617977227,1.6007598808480219e-09,0.0036008791208791,0
229,3,0.2578125,0.03515625,1.7572170027541476e-09,0.0030007326007326,0
230,3,0.52734375,0.515625,1.4539988884826335e-09,0.0028006837606837,0
231,3,0.2109375,0.0625,2.0755648039130173e-09,0.0035008547008547,0
232,2,0.63671875,0.0,1.6914515541862151e-09,0.0038009279609279,0
233,3,0.77734375,0.6484375,8.43727809136749e-10,0.0027006593406593,0
234,5,0.3037109375,0.2814584595298531,1.8201603704365262e-09,0.0032007814407814,0
235,2,0.11328125,0.0,1.0137023377179055e-09,0.002400586080586,0
236,1,0.0,0.0,1.0580071407466666e-09,0.0030007326007326,0
237,3,0.4375,0.296875,2.073140548920368e-09,0.0029007081807081,0
238,4,0.2161458333333333,0.2236325755851486,1.5787392224792062e-09,0.0037009035409035,0
239,11,0.11796875,0.1272118757354241,3.0331965856691132e-09,0.0505123321123321,0
240,8,0.2455357142857142,0.1762509668069445,5.132836786780238e-09,0.028106862026862,0
241,12,0.1605113636363636,0.1513659117931446,5.197192428054664e-09,0.1357331379731379,0
242,7,0.2037760416666666,0.1742470179016354,6.518105251325546e-09,0.0134032722832722,0
243,16,0.121875,0.1057067145701177,1.3708574065035832e-08,0.039309597069597,0
244,13,0.1223958333333333,0.1499234604708882,1.6600063302633126e-08,0.073117851037851,0
245,10,0.1145833333333333,0.1042642771831646,4.584236271726255e-09,0.0482117704517704,0
246,18,0.1160386029411764,0.1056920354462901,4.1277524188710655e-09,0.0385094017094017,0
247,11,0.188671875,0.200379964385048,5.459563910897472e-09,0.0767187301587301,0
248,2,0.19921875,0.0,1.946754194466248e-09,0.0069016849816849,0
249,5,0.3681640625,0.3602059749940119,1.3295759213928283e-09,0.0103025152625152,0
250,10,0.15625,0.1199613833987606,2.5507223599156406e-09,0.0219053479853479,0
251,1,0.0,0.0,2.146293834074282e-09,0.0032007814407814,0
252,5,0.3759765625,0.2621902091030703,4.354947323240878e-09,0.0036008791208791,0
253,7,0.2115885416666666,0.0667659020946222,3.1193381472685503e-09,0.0037009035409035,0
254,6,0.084375,0.0627242072239657,2.0776301073519482e-09,0.0161039316239316,0
255,13,0.1458333333333333,0.2108249442500947,3.229535797307088e-09,0.0590144078144078,0
256,5,0.3974609375,0.3764759264946172,3.044057886653182e-09,0.009302271062271,0
257,19,0.1002604166666666,0.1678778823980023,1.2757728828128613e-08,0.045010989010989,0
258,11,0.14375,0.1498880604453286,5.381643172246709e-09,0.0401097924297924,0
259,7,0.1959635416666666,0.1466000700520962,5.708353952986794e-09,0.0155037851037851,0
260,13,0.1549479166666666,0.1776687817760766,7.726100591692681e-09,0.0183044688644688,0
261,4,0.4309895833333333,0.4664149013947298,2.2330485955271323e-09,0.0152037118437118,0
262,4,0.2161458333333333,0.2511637410662392,1.6154368269538254e-09,0.0655159951159951,0
263,7,0.2682291666666667,0.2410683427060357,2.2260525916994835e-08,0.0333081318681318,0
264,9,0.189453125,0.0945199502543973,1.705424897756056e-08,0.0436106471306471,0
265,3,0.298828125,0.119140625,1.2299483947849902e-09,0.0052012698412698,0
266,9,0.15576171875,0.2050635923050166,5.102428880685521e-09,0.1060258852258852,0
267,16,0.1239583333333333,0.1520293675657126,5.694812812774408e-09,0.0307074969474969,0
268,21,0.0849609375,0.0685530181420681,9.879148333362215e-09,0.0615150183150183,0
269,19,0.1017795138888889,0.1359818448073551,7.050517134176704e-09,0.1187289865689865,0
270,7,0.2174479166666666,0.1784756842779212,2.7769425202656942e-08,0.0221053968253968,0
271,5,0.4443359375,0.2527222242780459,1.0718325146736317e-08,0.0328080097680097,0
272,12,0.1147017045454545,0.1235968917423611,1.4177819963421212e-08,0.0098023931623931,0
273,8,0.2165178571428571,0.1840841325945469,3.728406517350256e-09,0.0727177533577533,0
274,11,0.091796875,0.0596071223362034,5.932426972405223e-09,0.076218608058608,0
275,9,0.234375,0.1936649258787584,6.301725912806498e-09,0.0309075457875457,0
276,7,0.2493489583333333,0.2002045750736614,1.2616510703421189e-08,0.034308376068376,0
277,6,0.2921875,0.2089956918664832,3.4863482647880533e-09,0.025006105006105,0
278,20,0.1009457236842105,0.160275364672103,4.189290634070853e-09,0.106225934065934,0
279,12,0.1317471590909091,0.1868039497298837,8.422824797482819e-09,0.0702171428571428,0
280,8,0.2455357142857142,0.1528284495662087,4.105899958568513e-09,0.0189046153846153,0
281,15,0.1088169642857142,0.1333109830431695,2.3895892262435874e-09,0.0148036141636141,0
282,5,0.4375,0.4776019657573789,4.113165755015571e-09,0.0108026373626373,0
283,4,0.4830729166666667,0.3225173942875881,3.087349931994219e-09,0.008101978021978,0
284,4,0.4817708333333333,0.5573068777129712,1.3753984629957616e-09,0.0059014407814407,0
285,8,0.2522321428571428,0.1927833698598385,2.601437224263746e-09,0.0290070818070818,0
286,5,0.384765625,0.2835396707218354,1.8071530129351214e-09,0.0041010012210012,0
287,9,0.0625,0.0634990945586283,2.243043384212111e-09,0.007401807081807,0
288,4,0.4778645833333333,0.6592297595437084,3.6868249644806422e-09,0.0057013919413919,0
289,6,0.19765625,0.1616375853085383,3.602380197641186e-09,0.0037009035409035,0
290,3,0.68359375,0.56640625,9.672346492803509e-09,0.0088021489621489,0
291,11,0.171484375,0.3639839054783407,5.6571786461920666e-08,0.0303073992673992,0
292,31,0.0592447916666666,0.1212997379952529,3.549280781222745e-08,0.0083020268620268,0
293,6,0.2078125,0.1264418792494203,9.33810962473966e-10,0.0183044688644688,0
294,9,0.1142578125,0.1143662679705503,1.27537843152684e-09,0.0376091819291819,0
295,3,0.361328125,0.349609375,7.029008929549793e-10,0.0125030525030525,0
296,0,0.0,0.0,1.1687071755066261e-09,0.0070017094017094,0
297,6,0.15703125,0.1061292972480973,3.943516719605604e-09,0.008101978021978,0
298,7,0.0638020833333333,0.0465847495312456,2.4272568483548904e-09,0.0069016849816849,0
299,2,0.078125,0.0,1.140885911673457e-09,0.005001221001221,0
300,3,0.47265625,0.14453125,9.494460561865553e-09,0.0147035897435897,0
301,2,1.15234375,0.0,3.0050976748564316e-09,0.0098023931623931,0
302,5,0.462890625,0.6783982249470647,6.1106710832686685e-09,0.0128031257631257,0
303,4,0.1223958333333333,0.1055089301035567,1.0399511193023668e-09,0.0037009035409035,0
304,6,0.29453125,0.5169880185537428,8.247339588914678e-10,0.0035008547008547,0
305,4,0.1666666666666666,0.1460308372411362,2.155498269875559e-09,0.0033008058608058,0
306,4,0.078125,0.0350838374617382,1.2794091937879141e-09,0.0033008058608058,0
307,13,0.0810546875,0.088476418782076,7.278829106394639e-09,0.0473115506715506,0
308,2,1.3203125,0.0,3.9119992342419665e-09,0.007401807081807,0
309,5,0.2734375,0.2088108947016265,3.590932351463486e-09,0.0054013186813186,0
310,2,0.5390625,0.0,5.8935269580931205e-09,0.0045010989010989,0
311,7,0.255859375,0.1556588753187392,7.235563316796145e-09,0.0061014896214896,0
312,5,0.3505859375,0.2397555409607601,1.6754033142370197e-08,0.0083020268620268,0
313,9,0.23046875,0.201332990700807,7.0766529820001095e-09,0.0076018559218559,0
314,2,0.1328125,0.0,5.0230930142917905e-09,0.0044010744810744,0
315,5,0.27734375,0.1474835713176004,1.0067186440103106e-08,0.0094022954822954,0
316,6,0.1203125,0.1350546041190377,6.7675449880807024e-09,0.0088021489621489,0
317,1,0.0,0.0,7.614373398041551e-10,0.0034008302808302,0
318,2,0.70703125,0.0,3.606504699047052e-09,0.0040009768009768,0
319,3,0.466796875,0.263671875,7.755320447130199e-09,0.0064015628815628,0
320,6,0.18828125,0.1881401831497593,2.2516454485791134e-09,0.0053012942612942,0
321,2,1.0390625,0.0,1.1862266794730163e-09,0.0036008791208791,0
322,8,0.2109375,0.1916623196000306,1.645722395905546e-09,0.006201514041514,0
323,2,0.140625,0.0,2.4528089218579714e-09,0.0054013186813186,0
324,14,0.1099759615384615,0.1375519439438399,4.287533366369503e-09,0.1326323809523809,0
325,18,0.0988051470588235,0.0837450603030542,3.620498722719418e-09,0.0442107936507936,0
326,1,0.0,0.0,8.523936659024226e-10,0.0089021733821733,0
327,19,0.0844184027777777,0.1550088448623384,2.4346685559154082e-09,0.0288070329670329,0
328,14,0.1189903846153846,0.1315570557665664,3.068289556912782e-09,0.0306074725274725,0
329,14,0.1361177884615384,0.1662009087230678,3.762769449084695e-09,0.030007326007326,0
330,11,0.128125,0.1914843590626268,2.390146657467227e-09,0.0261063736263736,0
331,6,0.19921875,0.3633946395621432,3.3583947351403847e-09,0.0061014896214896,0
332,1,0.0,0.0,1.3208009237828371e-09,0.0073017826617826,0
333,3,0.484375,0.1015625,1.9504370315954564e-09,0.0047011477411477,0
334,1,0.0,0.0,8.820418472218495e-10,0.0034008302808302,0
335,8,0.109375,0.1147438675220971,1.7335091201448802e-09,0.0034008302808302,0
336,4,0.4700520833333333,0.3813259472965316,1.246461541792643e-09,0.0034008302808302,0
337,5,0.1630859375,0.1679545551778232,1.587958000665475e-09,0.0037009035409035,0
338,3,0.513671875,0.494140625,5.584468890558634e-10,0.0032007814407814,0
339,4,0.2265625,0.3038516847973146,7.929118609077971e-10,0.0027006593406593,0
340,3,0.4609375,0.44921875,1.239516848680081e-09,0.0027006593406593,0
341,2,0.19921875,0.0,1.286509510629531e-09,0.0036008791208791,0
342,4,0.53515625,0.4257991682009548,1.6372943095370407e-09,0.003100757020757,0
343,0,0.0,0.0,1.264418986419902e-09,0.0037009035409035,0
344,3,0.3046875,0.06640625,1.9042568976692144e-09,0.0042010256410256,0
345,3,0.16796875,0.00390625,1.620568521588725e-09,0.0028006837606837,0
346,4,0.609375,0.4944866110053351,1.1197046194313248e-09,0.0037009035409035,0
347,5,0.1884765625,0.1686797949666185,2.39471585259131e-09,0.0041010012210012,0
348,5,0.30078125,0.3267853045256262,2.1899176434490078e-09,0.0035008547008547,0
349,3,0.8515625,0.3515625,2.5178886369362558e-09,0.0036008791208791,0
350,1,0.0,0.0,1.7533470192810846e-09,0.003100757020757,0
351,2,0.93359375,0.0,3.054330370071269e-09,0.0038009279609279,0
352,3,0.33984375,0.328125,5.913953493681058e-10,0.0033008058608058,0
353,2,0.67578125,0.0,1.685862019035096e-09,0.0027006593406593,0
354,6,0.1765625,0.2453597685351553,7.7063331797764e-10,0.0027006593406593,0
355,2,0.2734375,0.0,6.278622055536547e-10,0.003100757020757,0
356,4,0.41015625,0.241493461188652,1.7178666836762643e-09,0.0039009523809523,0
357,1,0.0,0.0,1.8219514703961242e-09,0.0029007081807081,0
358,1,0.0,0.0,1.0254664268457767e-09,0.0030007326007326,0
359,5,0.337890625,0.2067085486192228,1.6032463034523474e-09,0.0030007326007326,0
360,4,0.2252604166666666,0.0267482273231434,1.0686738621319662e-09,0.0030007326007326,0
361,4,0.5416666666666666,0.3092660354545321,1.0141023940531723e-09,0.0032007814407814,0
362,3,0.25,0.2109375,1.415543455493089e-09,0.0028006837606837,0
363,2,0.15625,0.0,1.1134041636803195e-09,0.0033008058608058,0
364,3,0.408203125,0.154296875,7.763426820432313e-10,0.0035008547008547,0
365,7,0.2903645833333333,0.2464930072555164,2.068730290576673e-09,0.0045010989010989,0
366,4,0.6184895833333334,0.5802005020791065,8.402743622309211e-10,0.0035008547008547,0
367,3,0.6171875,0.56640625,2.492092665434297e-09,0.0046011233211233,0
368,4,0.2057291666666666,0.080075478445426,1.99882334905801e-09,0.0069016849816849,0
369,2,0.44921875,0.0,1.5804646367847487e-09,0.0038009279609279,0
370,0,0.0,0.0,5.562846894935379e-10,0.0029007081807081,0
371,5,0.326171875,0.4467535961072564,1.997901268461307e-09,0.0086021001221001,0
372,7,0.3125,0.3218727877148892,9.397371692143326e-10,0.003100757020757,0
373,0,0.0,0.0,1.2063288539994122e-09,0.0032007814407814,0
374,1,0.0,0.0,2.058070569752117e-09,0.003100757020757,0
375,5,0.4013671875,0.3693459560381015,6.893622970774983e-10,0.0038009279609279,0
376,5,0.158203125,0.0870620667500885,2.908832169729605e-09,0.0097023687423687,0
377,4,0.2291666666666666,0.1959451559066053,1.9872944102854816e-09,0.0030007326007326,0
378,1,0.0,0.0,8.77863715615547e-10,0.0030007326007326,0
379,2,0.6953125,0.0,8.34087989239088e-10,0.0027006593406593,0
380,6,0.23203125,0.2661139800736237,1.0892235175559924e-09,0.0034008302808302,0
381,9,0.20703125,0.1867559292220982,1.266661737563752e-09,0.0034008302808302,0
382,5,0.2578125,0.2639393897561403,1.3094792886130452e-09,0.0034008302808302,0
383,1,0.0,0.0,2.6101969249991796e-09,0.0041010012210012,0
384,3,0.830078125,0.013671875,1.1159697343763275e-09,0.0060014652014652,0
385,2,0.13671875,0.0,1.932586336638534e-09,0.0057013919413919,0
386,8,0.1975446428571428,0.2662877199435408,4.8662907963631975e-09,0.0740180708180708,0
387,20,0.0990953947368421,0.1190316148614384,7.62513872070305e-09,0.0548133821733821,0
388,6,0.12734375,0.0652051300464541,2.4096655775469023e-08,0.015003663003663,0
389,11,0.159765625,0.1436570903893735,1.7411977099867726e-08,0.043110525030525,0
390,16,0.1174479166666666,0.080453157200151,2.983270065059499e-09,0.0417101831501831,0
391,12,0.1487926136363636,0.1869105803164177,2.10065662126674e-09,0.0141034432234432,0
392,24,0.0818614130434782,0.124843217854775,7.223452986141859e-09,0.1010246642246642,0
393,13,0.1337890625,0.1720829485995939,1.091574624230445e-08,0.1380336996336996,0
394,6,0.221875,0.2964779417121533,2.114419456385173e-09,0.0211051526251526,0
395,18,0.1004136029411764,0.0830022268436684,3.659656771841982e-09,0.0248060561660561,0
396,9,0.16015625,0.1928358601124606,5.941176356034415e-09,0.0564137728937728,0
397,25,0.0724283854166666,0.0571544043287739,3.3384450077388776e-08,0.129331575091575,0
398,29,0.0690569196428571,0.0449407177512306,2.9596122691591157e-08,0.1655404151404151,0
399,25,0.07568359375,0.059099515319317,5.307447775211195e-08,0.1936472771672771,0
400,19,0.1041666666666666,0.1097541172546172,9.25893183264978e-09,0.0811198046398046,0
401,8,0.2215401785714285,0.1301551762242254,4.120871927556909e-09,0.0423103296703296,0
402,11,0.087109375,0.0878003008096534,1.999904039905328e-08,0.1245304029304029,0
403,28,0.0711805555555555,0.0500507615108537,1.3122072504623012e-07,0.193847326007326,0
404,13,0.0777994791666666,0.0891826094875855,1.6266717587724056e-08,0.0944230525030525,0
405,2,0.0859375,0.0,3.620976314588952e-09,0.0187045665445665,0
406,13,0.1285807291666666,0.0883229865006284,2.4410131831606184e-09,0.0196047863247863,0
407,18,0.11328125,0.1127292267408097,2.111444604931469e-08,0.18194442002442,0
408,27,0.0704627403846153,0.0604132634135613,2.1861598726576973e-08,0.1260307692307692,0
409,18,0.0808823529411764,0.0932100403321894,6.799101122992206e-09,0.0683166788766788,0
410,10,0.1362847222222222,0.1425224568413325,5.189710995584679e-09,0.0509124297924297,0
411,8,0.1981026785714285,0.234223484188244,1.908183084213304e-09,0.0563137484737484,0
412,16,0.1145833333333333,0.1157346280214521,8.177441535970896e-09,0.0691168742368742,0
413,6,0.3640625,0.357616280805104,1.4576136464543631e-09,0.0137033455433455,0
414,13,0.1627604166666666,0.130974309497183,5.581146451567697e-09,0.0706172405372405,0
415,3,0.791015625,0.779296875,1.586702060700458e-09,0.0060014652014652,0
416,9,0.20361328125,0.1782748211329227,8.29394277311516e-09,0.0783191208791208,0
417,16,0.1177083333333333,0.1004330899432829,6.244917032668864e-09,0.0679165811965811,0
418,1,0.0,0.0,6.658144251221745e-10,0.0039009523809523,0
419,3,0.52734375,0.26171875,1.2865178133493147e-09,0.0075018315018315,0
420,6,0.05,0.0710207386085219,9.60725554980649e-10,0.0028006837606837,0
421,1,0.0,0.0,4.007155998699611e-10,0.0026006349206349,0
422,4,0.59765625,0.6573264361181526,2.983108275875274e-09,0.0049011965811965,0
423,11,0.11328125,0.0754017559788066,4.062562184500142e-09,0.0522127472527472,0
424,10,0.1158854166666666,0.1563693120856927,2.0913100358212536e-09,0.0185045177045177,0
425,10,0.1974826388888889,0.195850916825362,3.343193485994825e-09,0.0334081562881562,0
426,8,0.2338169642857142,0.2496547260967359,3.202947601213397e-09,0.064315702075702,0
427,13,0.1526692708333333,0.1858820870941122,7.621399835410824e-09,0.0875213675213675,0
428,14,0.1150841346153846,0.0734895124572086,7.897614532574755e-09,0.0414101098901098,0
429,17,0.11669921875,0.1294737375501687,3.157891758740259e-09,0.0557136019536019,0
430,8,0.2488839285714285,0.2599152805151721,2.1070010196441062e-09,0.0310075702075702,0
431,15,0.1174665178571428,0.0864869847443752,4.739868035615517e-09,0.0541132112332112,0
432,19,0.09765625,0.0945154658539557,5.140020877406408e-09,0.0383093528693528,0
433,9,0.1806640625,0.1670664125976903,5.914922004167654e-09,0.0244059584859584,0
434,12,0.14453125,0.1396847512186328,3.763088564238976e-09,0.0247060317460317,0
435,11,0.17734375,0.1544347682882646,6.618778530444338e-09,0.02240547008547,0
436,6,0.29765625,0.2851016642960455,4.220871657341437e-09,0.0311075946275946,0
437,6,0.20859375,0.1138214490578335,5.7930645466259585e-09,0.0202049328449328,0
438,5,0.4443359375,0.1722601995673419,2.200385410540229e-09,0.0080019536019536,0
439,7,0.1276041666666666,0.1159146732732086,1.4037319155966131e-09,0.0317077411477411,0
440,17,0.1181640625,0.1295372517740282,1.8093423654252412e-08,0.0411100366300366,0
441,9,0.16455078125,0.1831510359967814,2.1441885820731973e-08,0.1004245177045177,0
442,5,0.302734375,0.3103748540858749,1.859844918681915e-08,0.0372090842490842,0
443,17,0.089599609375,0.0889312178108017,1.6011292509552582e-08,0.0448109401709401,0
444,28,0.0659722222222222,0.0690254285733718,8.190866497507122e-09,0.066216166056166,0
445,10,0.1883680555555555,0.1460398669778687,3.047277688140783e-08,0.1050256410256409,0
446,13,0.140625,0.1255177266645283,1.1067822813845018e-08,0.058114188034188,0
447,8,0.2377232142857142,0.4545200036448661,1.2753795391482118e-07,0.0847206837606837,0
448,2,0.95703125,0.0,1.3283920555812726e-08,0.0053012942612942,0
449,18,0.0935202205882353,0.1944303173783658,1.1320359677058967e-09,0.0426104029304029,0
450,21,0.0296875,0.0253274454335114,1.1611108781667388e-09,0.032407912087912,0
451,2,0.05078125,0.0,8.816265196359058e-10,0.0198048351648351,0
452,13,0.1640625,0.2153521446931939,1.2202055942569335e-09,0.0117028571428571,0
453,18,0.0868566176470588,0.081118315982424,2.227958713125837e-08,0.0460112332112332,0
454,9,0.19189453125,0.2357013050650135,2.9562591923925768e-08,0.0749182905982906,0
455,26,0.0753125,0.0776274783219511,3.100234157313484e-08,0.093122735042735,0
456,16,0.1197916666666666,0.16429588228487,2.428213066425205e-08,0.0813198534798534,0
457,19,0.0941840277777777,0.0913491861817535,1.75376749691768e-08,0.1211295726495726,0
458,3,0.533203125,0.138671875,1.7325877523579561e-09,0.0216052747252747,0
459,2,0.71875,0.0,1.8498703705334311e-09,0.006201514041514,0
460,3,0.23828125,0.015625,1.5539922542269155e-09,0.0032007814407814,0
461,0,0.0,0.0,8.334236546018253e-10,0.0029007081807081,0
462,4,0.2825520833333333,0.2931220663647323,1.5829867581141043e-09,0.0037009035409035,0
463,5,0.451171875,0.6050811511383334,1.6695800873699796e-09,0.0030007326007326,0
464,2,0.078125,0.0,9.449302307146286e-10,0.0039009523809523,0
465,2,0.81640625,0.0,9.242052491265515e-10,0.0027006593406593,0
466,1,0.0,0.0,1.0069320279270483e-09,0.0028006837606837,0
467,6,0.2765625,0.0972146264393892,2.8166998606573354e-09,0.0042010256410256,0
468,2,0.3046875,0.0,2.208830483212351e-09,0.0029007081807081,0
469,2,0.19140625,0.0,1.6522800496143554e-09,0.0032007814407814,0
470,6,0.10546875,0.0632764272853643,1.435334576487564e-09,0.0037009035409035,0
471,6,0.2375,0.2872345071703172,1.826407798730658e-09,0.0037009035409035,0
472,10,0.2057291666666666,0.3306881536250076,2.2652189913536637e-09,0.0035008547008547,0
473,2,0.1171875,0.0,1.5910711839798375e-09,0.0034008302808302,0
474,2,1.19140625,0.0,1.4643873985806792e-09,0.0030007326007326,0
475,4,0.125,0.1314652872236305,7.738318812280005e-10,0.0028006837606837,0
476,6,0.2625,0.3434782306375107,2.253825298336516e-09,0.003100757020757,0
477,7,0.255859375,0.1343498265543439,1.3210511619451635e-09,0.0037009035409035,0
478,0,0.0,0.0,6.786047466049754e-10,0.0027006593406593,0
0,0,0.0,0.0,6.268157710980511e-10,0.0282068864468864,0
1,0,0.0,0.0,4.3310007623337516e-10,0.0054013186813186,0
2,2,0.21875,0.0,6.143821695618855e-10,0.0049011965811965,0
3,26,0.075625,0.061633445795485,6.47845834473596e-08,0.1676409279609279,0
4,12,0.1590909090909091,0.189465688350798,1.1803903157139333e-07,0.1911466666666666,0
5,8,0.2594866071428571,0.3524038614217524,2.3172380475310877e-08,0.0177043223443223,0
6,9,0.1708984375,0.2522916663306625,5.266107427212337e-09,0.0059014407814407,0
7,2,0.125,0.0,6.127022516216653e-10,0.006201514041514,0
8,8,0.08984375,0.0810824164596034,1.964412593843969e-09,0.0056013675213675,0
9,3,0.09765625,0.0859375,1.712285001662291e-09,0.005001221001221,0
10,2,0.8203125,0.0,6.483744489467932e-10,0.0038009279609279,0
11,2,1.3515625,0.0,1.954787733633888e-09,0.005001221001221,0
12,1,0.0,0.0,3.0715254529929435e-10,0.0053012942612942,0
13,0,0.0,0.0,5.037104631670222e-10,0.0044010744810744,0
14,1,0.0,0.0,6.061880810564418e-10,0.0042010256410256,0
15,0,0.0,0.0,3.0596486444128376e-10,0.0044010744810744,0
16,1,0.0,0.0,4.650730942168671e-10,0.0039009523809523,0
17,0,0.0,0.0,1.6559545799472536e-10,0.0042010256410256,0
18,1,0.0,0.0,3.793777323210129e-10,0.0046011233211233,0
19,0,0.0,0.0,1.5948253119870563e-10,0.0035008547008547,0
20,7,0.052734375,0.0446948520685804,7.105323282063207e-10,0.0051012454212454,0
21,2,0.0234375,0.0,6.650685279248121e-10,0.0042010256410256,0
22,1,0.0,0.0,5.752779212715111e-10,0.0039009523809523,0
23,1,0.0,0.0,3.1084588763732537e-10,0.0042010256410256,0
24,2,0.1328125,0.0,8.044445762909588e-10,0.006201514041514,0
25,2,0.0078125,0.0,5.850122140887362e-10,0.0046011233211233,0
26,2,0.4140625,0.0,4.906044537240162e-10,0.0054013186813186,0
27,1,0.0,0.0,6.275779208242576e-10,0.0051012454212454,0
28,0,0.0,0.0,3.2468734148135473e-10,0.0040009768009768,0
29,2,0.3984375,0.0,4.142770901026968e-10,0.0039009523809523,0
30,0,0.0,0.0,3.634218394992777e-10,0.0060014652014652,0
31,5,0.3291015625,0.4689971272394818,7.063117902417924e-10,0.0045010989010989,0
32,0,0.0,0.0,6.210443756932423e-10,0.0050012210012209,0
33,2,0.10546875,0.0,7.561240795901967e-10,0.0053012942612942,0
34,0,0.0,0.0,4.4193084829674796e-10,0.0044010744810744,0
35,1,0.0,0.0,3.49216074633886e-10,0.0040009768009768,0
36,1,0.0,0.0,5.454717477611251e-10,0.0045010989010989,0
37,2,0.02734375,0.0,4.4970816729058485e-10,0.0054013186813186,0
38,1,0.0,0.0,3.5588562608365716e-10,0.0045010989010989,0
39,0,0.0,0.0,4.4655972784549926e-10,0.00430105006105,0
40,2,0.59375,0.0,4.325308254122929e-10,0.0051012454212454,0
41,3,0.84765625,0.83984375,7.029028590054802e-10,0.0044010744810744,0
42,1,0.0,0.0,1.18773518005575e-09,0.00430105006105,0
43,1,0.0,0.0,5.200752013151853e-10,0.005001221001221,0
44,4,0.0169270833333333,0.0102526144192862,4.0368626490564437e-10,0.00430105006105,0
45,0,0.0,0.0,3.4978098570131526e-10,0.0046011233211233,0
46,1,0.0,0.0,3.760254391793425e-10,0.0034008302808302,0
47,6,0.24921875,0.2870857239408205,9.48945837614851e-10,0.00430105006105,0
48,2,0.3046875,0.0,5.912833986322998e-10,0.0108026373626373,0
49,4,0.0182291666666666,0.0066393483249906,4.570949800860514e-10,0.0052012698412698,0
50,5,0.2734375,0.2654382385717885,2.585390166914892e-09,0.0080019536019536,0
51,0,0.0,0.0,4.380444655398868e-10,0.0036008791208791,0
52,0,0.0,0.0,2.8105394236918957e-10,0.005001221001221,0
53,1,0.0,0.0,3.6761109245226686e-10,0.0045010989010989,0
54,0,0.0,0.0,5.797952897669585e-10,0.0049011965811965,0
55,2,0.015625,0.0,4.2781557067271346e-10,0.0037009035409035,0
56,1,0.0,0.0,3.5217301313126053e-09,0.0221053968253968,0
57,1,0.0,0.0,2.176784046404009e-09,0.0037009035409035,0
58,3,0.5390625,0.48046875,6.61825216060564e-10,0.0045010989010989,0
59,5,0.3232421875,0.3345991577612109,1.3499946556737419e-09,0.0045010989010989,0
60,8,0.2193080357142857,0.2780339796028095,1.9323838683786027e-09,0.0053012942612942,0
61,2,0.05078125,0.0,1.1793429933850318e-08,0.0140034188034188,0
62,4,0.2408854166666666,0.2374865790250343,3.9746855255052654e-08,0.0149036385836385,0
63,3,0.037109375,0.029296875,8.283300878941044e-09,0.0119029059829059,0
64,6,0.2734375,0.2601339611322885,1.7724511379961528e-08,0.0540131868131868,0
65,12,0.1502130681818181,0.1107533337038834,3.097865614578069e-10,0.0040009768009768,0
66,6,0.11328125,0.2011927325352484,5.419532581277086e-09,0.006201514041514,0
67,1,0.0,0.0,7.858227352961783e-10,0.0046011233211233,0
68,12,0.09375,0.1123158807416002,4.368581596127383e-08,0.1158282783882783,0
69,15,0.119140625,0.1191314765222932,5.512845832709042e-08,0.1761430036630036,0
70,12,0.140625,0.2023655492381692,1.2964770601972982e-08,0.0365089133089133,0
71,6,0.26015625,0.3342307662052148,4.5801354273355195e-08,0.081219829059829,0
72,9,0.19873046875,0.251501817670135,5.343898944049183e-09,0.020004884004884,0
73,8,0.1506696428571428,0.1648823206036363,1.437605418975611e-09,0.0756184615384615,0
74,4,0.37890625,0.5110573413226658,7.696645675583404e-10,0.0056013675213675,0
75,15,0.1051897321428571,0.1894169601764721,1.0037507002307826e-09,0.0127031013431013,0
76,9,0.205078125,0.2778727898760791,4.519928702599548e-09,0.0101024664224664,0
77,2,0.015625,0.0,5.358036752052892e-10,0.0056013675213675,0
78,2,0.01171875,0.0,5.382967763247639e-10,0.0045010989010989,0
79,6,0.32109375,0.2607947775850295,9.122417945577855e-10,0.0046011233211233,0
80,1,0.0,0.0,5.78197187131482e-10,0.0047011477411477,0
81,9,0.07080078125,0.0641695198646763,8.651492897386325e-10,0.0046011233211233,0
82,9,0.08837890625,0.0896085895746692,1.5019185948404123e-08,0.0880214896214896,0
83,6,0.1296875,0.1027395733000434,1.6195304115749684e-08,0.0327079853479853,0
84,3,0.69921875,0.59375,5.441483535119067e-10,0.0049011965811965,0
85,2,0.4375,0.0,4.167460331436979e-10,0.0042010256410256,0
86,2,0.13671875,0.0,5.908332237330061e-10,0.0054013186813186,0
87,4,0.4231770833333333,0.2938153277683062,1.2001717452266903e-09,0.0060014652014652,0
88,4,0.2669270833333333,0.2895606162402451,4.158760884092844e-10,0.0047011477411477,0
89,1,0.0,0.0,5.138490874311043e-10,0.0052012698412698,0
90,0,0.0,0.0,3.338162153695578e-10,0.0042010256410256,0
91,0,0.0,0.0,3.4558594641012216e-10,0.0044010744810744,0
92,2,0.046875,0.0,6.97465480788798e-10,0.0048011721611721,0
93,2,1.4296875,0.0,5.095040535116083e-10,0.005001221001221,0
94,2,0.640625,0.0,7.556065331019543e-10,0.0054013186813186,0
95,0,0.0,0.0,4.91972550580609e-10,0.0051012454212454,0
96,8,0.2232142857142857,0.3036514305034824,5.117272238116016e-08,0.1964479609279609,0
97,6,0.3484375,0.2527364881094041,4.6252810157045496e-08,0.0452110378510378,0
98,5,0.4072265625,0.3332969327760896,4.84539807560927e-10,0.0051012454212454,0
99,13,0.1370442708333333,0.1077523129542672,6.958967142357709e-08,0.1383337728937729,0
100,4,0.1822916666666666,0.1921709144830816,1.659529651186302e-09,0.0111027106227106,0
101,7,0.193359375,0.2697929549217152,1.86692845886985e-09,0.0052012698412698,0
102,3,0.34765625,0.30859375,6.580018622271942e-10,0.0045010989010989,0
103,5,0.353515625,0.1448344581364251,1.5197478684658166e-09,0.0047011477411477,0
104,8,0.1573660714285714,0.1517015752879125,1.1477758092813607e-09,0.0052012698412698,0
105,4,0.4778645833333333,0.3797621525833271,7.560024401155925e-10,0.005001221001221,0
106,5,0.4462890625,0.4424108365847707,2.525985959767152e-09,0.0054013186813186,0
107,3,0.556640625,0.052734375,9.683717210517232e-10,0.0041010012210012,0
108,4,0.57421875,0.4021351097384746,1.5948665949710474e-09,0.0049011965811965,0
109,3,0.7734375,0.3828125,1.6681430401439556e-09,0.0054013186813186,0
110,10,0.1879340277777778,0.3227719583167306,6.995611011166329e-08,0.1590388278388278,0
111,11,0.126171875,0.1187275112340359,2.7045495861580163e-08,0.1552378998778998,0
112,13,0.123046875,0.149457671672433,4.443879079135489e-09,0.0117028571428571,0
113,2,0.18359375,0.0,2.350511506240673e-09,0.0161039316239316,0
114,2,0.03125,0.0,4.0728862383080556e-10,0.0041010012210012,0
115,5,0.0302734375,0.0139138738757568,1.5102379960037924e-09,0.023105641025641,0
116,6,0.15234375,0.2179113387653336,5.230711361563582e-10,0.0065015873015873,0
117,3,0.5234375,0.4609375,1.0156122276600754e-09,0.0056013675213675,0
118,3,0.07421875,0.0625,4.661051210630536e-10,0.0047011477411477,0
119,6,0.04765625,0.029790118695215,5.689023124248054e-10,0.0102024908424908,0
120,6,0.19765625,0.2730533015159311,1.2656412635937015e-09,0.0085020757020757,0
121,4,0.35546875,0.0095683193077467,1.061471303093613e-09,0.0048011721611721,0
122,2,0.515625,0.0,4.953878359570322e-10,0.0153037362637362,0
123,4,0.1927083333333333,0.2449924376135867,1.2124605060287863e-09,0.0130031746031746,0
124,2,0.3828125,0.0,6.196622101612944e-10,0.00430105006105,0
125,5,0.0263671875,0.0152231028008983,8.336338036200674e-10,0.0052012698412698,0
126,0,0.0,0.0,5.689023170836928e-10,0.0053012942612942,0
127,1,0.0,0.0,5.235996356889784e-10,0.0038009279609279,0
128,4,0.2942708333333333,0.3340446511965961,1.080871220803684e-09,0.0042010256410256,0
129,1,0.0,0.0,3.65782800594213e-10,0.0048011721611721,0
130,2,0.75390625,0.0,4.714278609482364e-10,0.00430105006105,0
131,0,0.0,0.0,3.6059758990161916e-10,0.0041010012210012,0
132,5,0.3720703125,0.371056484559813,9.154491590288863e-10,0.0045010989010989,0
133,2,0.6796875,0.0,5.88442972212718e-10,0.0045010989010989,0
134,4,0.5104166666666666,0.4971571744191055,4.135560929116331e-10,0.0051012454212454,0
135,9,0.18212890625,0.3508887723007582,1.950600986579981e-09,0.0151036874236874,0
136,4,0.1080729166666666,0.128068352145175,1.8405790255163534e-09,0.0088021489621489,0
137,2,1.65625,0.0,6.477705709447923e-10,0.0054013186813186,0
138,4,0.1263020833333333,0.0870742369651067,1.3092936232130366e-09,0.0066016117216117,0
139,4,0.1575520833333333,0.1190107015860922,9.073824724594527e-10,0.0051012454212454,0
140,3,0.646484375,0.619140625,8.026949142233595e-10,0.0058014163614163,0
141,4,0.5,0.687773678955179,6.367689460180301e-10,0.0045010989010989,0
142,2,0.015625,0.0,4.671106027333132e-10,0.005001221001221,0
143,4,0.3932291666666667,0.4263164799798742,2.6998897893586533e-09,0.005001221001221,0
144,7,0.2421875,0.1878252387526766,1.060978342136767e-09,0.0057013919413919,0
145,2,0.35546875,0.0,8.17742196456711e-10,0.0048011721611721,0
146,4,0.3424479166666667,0.1646298885895689,8.446257217548422e-10,0.0051012454212454,0
147,0,0.0,0.0,4.3919827570382737e-10,0.0036008791208791,0
148,0,0.0,0.0,3.4113271565337723e-10,0.0046011233211233,0
149,4,0.4244791666666667,0.4961740557268073,1.04288065859151e-09,0.005001221001221,0
150,0,0.0,0.0,7.51889623781794e-10,0.0047011477411477,0
151,6,0.15546875,0.2527968552019585,7.37713635613132e-10,0.0054013186813186,0
152,7,0.2994791666666667,0.385405669184315,1.2541753857745156e-09,0.0064015628815628,0
153,5,0.37890625,0.3357444030795133,7.022149323445682e-10,0.0052012698412698,0
154,3,0.134765625,0.001953125,9.241849177417513e-10,0.0087021245421245,0
155,8,0.2405133928571428,0.2773386973167227,1.2628784111442078e-09,0.0059014407814407,0
156,9,0.11767578125,0.1540548623689198,2.2971317559458583e-09,0.0136033211233211,0
157,7,0.1569010416666666,0.1608916150372029,2.477401710053953e-09,0.0125030525030525,0
158,8,0.234375,0.2408245780636884,1.2377615289760435e-09,0.0059014407814407,0
159,5,0.1025390625,0.0679044572898143,9.691940944688195e-10,0.0056013675213675,0
160,1,0.0,0.0,6.59867225434991e-10,0.0059014407814407,0
161,3,0.671875,0.4609375,7.49314798205881e-10,0.0053012942612942,0
162,2,0.03125,0.0,1.0936047917961835e-09,0.011202735042735,0
163,3,0.26953125,0.11328125,4.3613808082815636e-10,0.0047011477411477,0
164,2,1.48828125,0.0,3.8190771785237206e-10,0.0040009768009768,0
165,0,0.0,0.0,3.7838719752639156e-10,0.0047011477411477,0
166,15,0.0954241071428571,0.1294269977860076,2.095414079062345e-08,0.0828202197802197,0
167,11,0.1203125,0.1368726812018198,1.6650507169981184e-09,0.0513125274725274,0
168,25,0.0607096354166666,0.0485667374337439,5.4016869039419406e-08,0.1423347496947496,0
169,17,0.10009765625,0.1218934265292032,3.441705134168504e-08,0.1022249572649572,0
170,13,0.10546875,0.175542372411104,4.2743949013694886e-09,0.0123030036630036,0
171,3,0.041015625,0.033203125,2.3023917237287194e-09,0.0084020512820512,0
172,17,0.109375,0.1043140640095826,4.963345081591561e-08,0.1452354578754578,0
173,23,0.0799005681818181,0.1043297030334434,6.184795441297273e-09,0.0439107203907203,0
174,11,0.174609375,0.2161752066512326,1.0960712226486033e-08,0.0937228815628815,0
175,10,0.09375,0.0812316352108449,3.5803604203844583e-09,0.0689168253968253,0
176,5,0.232421875,0.190256832606652,8.801580307432526e-10,0.0072017582417582,0
177,4,0.48046875,0.5276860386049091,1.7507418975424922e-09,0.006201514041514,0
178,17,0.09033203125,0.1392201077002224,2.9065816782519217e-08,0.1979483272283272,0
179,9,0.2158203125,0.2325674931175474,1.1964661073159813e-07,0.260063492063492,0
180,12,0.1395596590909091,0.1452453843384248,6.3808201169432e-08,0.2184533333333333,0
181,12,0.1626420454545454,0.1221405079681806,7.366198830507438e-09,0.0683166788766788,0
182,5,0.3955078125,0.0961752940979346,2.000382013861868e-08,0.0140034188034188,0
183,20,0.0982730263157894,0.1844829180271223,5.513929347075095e-08,0.3134765323565323,0
184,13,0.1087239583333333,0.0795736992082545,5.108337786647368e-09,0.0542132356532356,0
185,4,0.5481770833333334,0.5743944010446036,9.130008391355115e-10,0.0163039804639804,0
186,1,0.0,0.0,3.830276264571136e-10,0.0159038827838827,0
187,2,0.16796875,0.0,1.0470835498551271e-09,0.0085020757020757,0
188,3,0.701171875,0.583984375,6.401697451663108e-10,0.0057013919413919,0
189,2,0.125,0.0,1.210477444182801e-09,0.0096023443223443,0
190,5,0.2470703125,0.1869575282533588,1.18279997458111e-09,0.0119029059829059,0
191,1,0.0,0.0,6.033854993619186e-10,0.0049011965811965,0
192,2,0.37109375,0.0,2.8950648731440847e-10,0.0054013186813186,0
193,1,0.0,0.0,4.947223284448557e-10,0.0054013186813186,0
194,0,0.0,0.0,4.1960489128672493e-10,0.0049011965811965,0
195,1,0.0,0.0,3.925311674911033e-10,0.0049011965811965,0
196,8,0.15625,0.128863967632608,2.394176087344729e-08,0.0361088156288156,0
197,16,0.1239583333333333,0.0923778343517203,1.955038474431933e-08,0.060014652014652,0
198,10,0.1362847222222222,0.1290501149596674,1.9893878193364516e-08,0.0718175335775335,0
199,10,0.1731770833333333,0.2988954909996645,1.274931080495698e-09,0.0063015384615384,0
200,14,0.114483173076923,0.1513534490150578,2.0252698791000072e-08,0.15003663003663,0
201,17,0.09912109375,0.1489305839389527,5.62170674404706e-08,0.1071261538461538,0
202,7,0.1634114583333333,0.1091985338596265,7.967263477602306e-08,0.143835115995116,0
203,10,0.1584201388888889,0.2867902380645349,1.649992498608856e-09,0.0071017338217338,0
204,9,0.21533203125,0.2059360542304499,1.838713619213848e-09,0.0073017826617826,0
205,3,0.203125,0.0859375,1.066764072355876e-09,0.0070017094017094,0
206,17,0.105224609375,0.133203044455048,6.103783370096613e-09,0.0168041025641025,0
207,7,0.1373697916666666,0.088773536008934,3.988517253514106e-09,0.011202735042735,0
208,11,0.15546875,0.137916627328796,1.589780206269446e-09,0.0091022222222222,0
209,1,0.0,0.0,2.1668610456420953e-08,0.090021978021978,0
210,4,0.1640625,0.0783200689678258,7.985577021787099e-08,0.1285313797313797,0
211,1,0.0,0.0,7.235298921439601e-10,0.005001221001221,0
212,2,0.0078125,0.0,4.1769638491765334e-09,0.0047011477411477,0
213,4,0.1940104166666666,0.1644134803923395,1.5536685765659264e-08,0.0187045665445665,0
214,9,0.11962890625,0.1004661661768012,6.5934668881455165e-09,0.0106025885225885,0
215,3,0.73046875,0.15234375,2.939973922809316e-09,0.007401807081807,0
216,0,0.0,0.0,8.8961380944554e-10,0.005501343101343,0
217,7,0.1087239583333333,0.1845665807419629,8.040739086253337e-09,0.0108026373626373,0
218,8,0.1824776785714285,0.1808207939328187,2.396648439643088e-08,0.0473115506715506,0
219,12,0.1480823863636363,0.1435774979505589,9.47243792812846e-09,0.0184044932844932,0
220,6,0.11796875,0.1371844746249552,7.191959434647735e-10,0.0292071306471306,0
221,1,0.0,0.0,4.0793068840373103e-10,0.0051012454212454,0
222,5,0.107421875,0.105342082501264,7.57829762925058e-10,0.0041010012210012,0
223,3,0.033203125,0.021484375,1.2625359013866339e-09,0.0042010256410256,0
224,2,0.37109375,0.0,1.7297646791293763e-09,0.0126030769230769,0
225,8,0.1356026785714285,0.1440359255725753,5.0853117237711154e-08,0.056213724053724,0
226,12,0.1228693181818181,0.1406483136092503,5.312557402559835e-08,0.0906221245421245,0
227,11,0.0609375,0.0658339308055694,6.114787493002352e-08,0.2632642735042735,0
228,4,0.0442708333333333,0.0163669337109069,1.3422867459497491e-09,0.0044010744810744,0
229,0,0.0,0.0,5.210987221976231e-10,0.0056013675213675,0
230,1,0.0,0.0,3.21412814488879e-10,0.0040009768009768,0
231,6,0.284375,0.1858389970175797,1.161075344249852e-09,0.0038009279609279,0
232,3,0.24609375,0.17578125,1.221246282557237e-09,0.0053012942612942,0
233,3,0.291015625,0.142578125,6.53875297516552e-10,0.0045010989010989,0
234,7,0.109375,0.140841846697812,8.41068874918749e-10,0.00430105006105,0
235,4,0.4440104166666667,0.51487806273704,4.0448050697034785e-09,0.0069016849816849,0
236,1,0.0,0.0,1.4021870084873748e-08,0.0113027594627594,0
237,1,0.0,0.0,8.099315454526647e-10,0.0049011965811965,0
238,13,0.1015625,0.0736512016990812,2.8642686380073338e-08,0.1134276923076922,0
239,6,0.125,0.0774580909871589,4.435281164788948e-08,0.1156282295482295,0
240,0,0.0,0.0,2.6870474298502004e-10,0.0042010256410256,0
241,2,0.32421875,0.0,7.371118937110236e-10,0.0090021978021978,0
242,16,0.10546875,0.1319210277100786,8.549180359835693e-08,0.1214296459096459,0
243,10,0.1067708333333333,0.086976827563358,9.175172969931723e-09,0.0415101343101343,0
244,4,0.4049479166666667,0.3201271906379773,8.826374725871062e-10,0.0102024908424908,0
245,4,0.5182291666666666,0.4050630362894836,1.2606201196989311e-09,0.0054013186813186,0
246,1,0.0,0.0,5.129598549026776e-10,0.0049011965811965,0
247,6,0.33203125,0.4016035363273398,9.56070677092884e-10,0.0039009523809523,0
248,1,0.0,0.0,5.845913820272794e-10,0.0041010012210012,0
249,11,0.193359375,0.2715405742191498,1.1566268754584343e-09,0.0147035897435897,0
250,0,0.0,0.0,9.491148113858735e-10,0.0040009768009768,0
251,3,0.21484375,0.1640625,6.104260310304267e-10,0.0052012698412698,0
252,1,0.0,0.0,4.968906119318206e-10,0.00430105006105,0
253,4,0.3776041666666667,0.3072861493148754,8.888202891007376e-10,0.0042010256410256,0
254,2,0.0234375,0.0,1.3169522005602591e-09,0.0063015384615384,0
255,4,0.0520833333333333,0.0267482273231434,1.1018248297223227e-09,0.0052012698412698,0
256,3,0.138671875,0.111328125,3.850275651228605e-10,0.0038009279609279,0
257,7,0.2962239583333333,0.4432771506598236,7.727613486770995e-10,0.0057013919413919,0
258,3,0.107421875,0.080078125,1.0573017601463111e-09,0.0046011233211233,0
259,14,0.0997596153846153,0.1027301520114907,3.190743931496278e-09,0.0213052014652014,0
260,8,0.2572544642857143,0.2033333899645845,1.0874159699766383e-09,0.0045010989010989,0
261,0,0.0,0.0,3.8114046431497207e-10,0.0047011477411477,0
262,2,0.10546875,0.0,7.134823636884074e-10,0.0046011233211233,0
263,6,0.13125,0.1747032919963874,9.51601743556013e-10,0.0049011965811965,0
264,1,0.0,0.0,6.734215968877142e-10,0.0040009768009768,0
265,1,0.0,0.0,4.800752190189576e-10,0.0040009768009768,0
266,6,0.26328125,0.2552380935029095,9.736850330958043e-10,0.0052012698412698,0
267,1,0.0,0.0,6.017197980167302e-10,0.0044010744810744,0
268,1,0.0,0.0,3.519919306205936e-09,0.0077018803418803,0
269,6,0.28671875,0.3002948583527946,3.660590158393785e-09,0.0108026373626373,0
270,8,0.0993303571428571,0.1620015258563423,3.8142940888688373e-08,0.1655404151404151,0
271,13,0.125,0.0946140735655466,7.946325951920188e-08,0.133132503052503,0
272,5,0.23046875,0.1592725237333993,2.894864681449503e-08,0.051212503052503,0
273,10,0.1141493055555555,0.0844203553223209,1.4109146839722905e-08,0.0557136019536019,0
274,2,0.02734375,0.0,6.187969423675124e-10,0.0075018315018315,0
275,8,0.1344866071428571,0.1558149236040296,1.1378431363779347e-09,0.0184044932844932,0
276,1,0.0,0.0,4.5333514785352004e-10,0.0051012454212454,0
277,1,0.0,0.0,3.458764350305101e-10,0.0048011721611721,0
278,6,0.0359375,0.0215941796266957,6.219997254750574e-08,0.0740180708180708,0
279,1,0.0,0.0,2.7088917321496588e-08,0.0257062759462759,0
280,0,0.0,0.0,1.6680331369891807e-09,0.0054013186813186,0
281,4,0.3802083333333333,0.5266472380712308,7.184846670423592e-10,0.0045010989010989,0
282,0,0.0,0.0,2.696209883252008e-10,0.0044010744810744,0
283,0,0.0,0.0,3.1329853097824707e-10,0.0042010256410256,0
284,1,0.0,0.0,6.036741756750914e-10,0.0056013675213675,0
285,3,0.486328125,0.345703125,7.251532377963237e-10,0.0058014163614163,0
286,6,0.06171875,0.0567361801730165,4.789851354469028e-10,0.0053012942612942,0
287,0,0.0,0.0,3.5190644877143267e-10,0.0060014652014652,0
288,0,0.0,0.0,3.205001646450821e-10,0.0048011721611721,0
289,1,0.0,0.0,5.236398284933081e-10,0.0042010256410256,0
290,0,0.0,0.0,2.423687697397061e-10,0.0046011233211233,0
291,1,0.0,0.0,1.195910059968267e-09,0.0127031013431013,0
292,2,0.30078125,0.0,3.7463143949092894e-10,0.0077018803418803,0
293,7,0.0774739583333333,0.1026686722200367,1.0848785045432536e-08,0.0149036385836385,0
294,8,0.1395089285714285,0.1727568979543691,1.5449383321122387e-08,0.0589143833943833,0
295,1,0.0,0.0,5.192605022504289e-10,0.0076018559218559,0
296,7,0.1302083333333333,0.2222866388840968,6.808319201762997e-10,0.0090021978021978,0
297,3,0.021484375,0.009765625,4.905862747452146e-10,0.0083020268620268,0
298,13,0.0934244791666666,0.2125317020080832,1.483752185949988e-09,0.013103199023199,0
299,2,0.0234375,0.0,4.670101146076993e-10,0.0117028571428571,0
300,0,0.0,0.0,4.5795935279108346e-10,0.0042010256410256,0
301,4,0.1536458333333333,0.0957009105469424,1.609414286068361e-09,0.0070017094017094,0
302,12,0.1338778409090909,0.2543243438695654,1.060312479384423e-09,0.0167040781440781,0
303,12,0.1349431818181818,0.3115725033779182,1.0526165965783639e-09,0.0090021978021978,0
304,1,0.0,0.0,4.831231051140048e-10,0.0083020268620268,0
305,1,0.0,0.0,3.7440902711621566e-10,0.0060014652014652,0
306,3,0.546875,0.19140625,3.7657311469267737e-10,0.0061014896214896,0
307,1,0.0,0.0,3.3897952230283953e-10,0.0067016361416361,0
308,1,0.0,0.0,3.280603462895129e-10,0.0056013675213675,0
309,1,0.0,0.0,1.92245848372222e-09,0.0070017094017094,0
310,5,0.25390625,0.2582707811323587,1.950898483215333e-08,0.0072017582417582,0
311,0,0.0,0.0,9.108657834161495e-10,0.0117028571428571,0
312,14,0.0778245192307692,0.1027740872086526,3.14426375182442e-09,0.0080019536019536,0
313,2,0.69921875,0.0,5.48020186563284e-10,0.0054013186813186,0
314,1,0.0,0.0,2.795343250986566e-10,0.0057013919413919,0
315,1,0.0,0.0,6.242293961401676e-10,0.0058014163614163,0
316,6,0.33125,0.6254461298370347,6.333253148056832e-10,0.0051012454212454,0
317,11,0.109375,0.1901425118291212,6.687478656471901e-10,0.0054013186813186,0
318,5,0.3779296875,0.4819066311638261,1.0723656408308991e-09,0.0057013919413919,0
319,6,0.37890625,0.3348000365190018,9.081121456636563e-10,0.005001221001221,0
320,2,0.94140625,0.0,8.828974845129263e-10,0.0068016605616605,0
321,0,0.0,0.0,2.902896765763065e-10,0.0061014896214896,0
322,3,0.03125,0.00390625,6.773124015111192e-10,0.0056013675213675,0
323,10,0.2087673611111111,0.2865004177840445,6.4734295303906685e-09,0.0267065201465201,0
324,9,0.14794921875,0.2310261854712861,1.5411738658590762e-09,0.0067016361416361,0
325,4,0.171875,0.2265175961248191,1.7424236240045822e-08,0.0073017826617826,0
326,0,0.0,0.0,4.30974519403148e-10,0.0059014407814407,0
327,2,0.8671875,0.0,5.142093032904043e-10,0.0060014652014652,0
328,0,0.0,0.0,3.018021228872877e-10,0.006201514041514,0
329,0,0.0,0.0,4.4828088683972376e-10,0.0048011721611721,0
330,1,0.0,0.0,6.920603775972365e-10,0.005001221001221,0
331,1,0.0,0.0,3.115276156484948e-10,0.0045010989010989,0
332,8,0.1389508928571428,0.2669091296641738,1.2689986861704464e-09,0.0060014652014652,0
333,7,0.1881510416666666,0.2248206283112818,1.088771708551928e-09,0.0077018803418803,0
334,3,0.087890625,0.068359375,4.4507655460551535e-09,0.0188045909645909,0
335,0,0.0,0.0,3.5367664255599227e-10,0.0044010744810744,0
336,9,0.2216796875,0.3498806886309324,9.42872265605782e-10,0.0064015628815628,0
337,5,0.0654296875,0.0598418503900528,1.176480179205969e-09,0.005501343101343,0
338,2,1.30859375,0.0,4.3675929280324876e-10,0.0056013675213675,0
339,3,0.150390625,0.126953125,4.672318962855248e-10,0.0064015628815628,0
340,2,0.08984375,0.0,4.4862356897613293e-10,0.0053012942612942,0
341,4,0.0221354166666666,0.0102526144192862,4.4642756918541017e-10,0.0046011233211233,0
342,6,0.31484375,0.2142335083355309,7.969449252416284e-10,0.0052012698412698,0
343,3,0.71875,0.66015625,9.643406093740915e-10,0.0058014163614163,0
344,0,0.0,0.0,3.5063727931316073e-10,0.0048011721611721,0
345,3,0.455078125,0.193359375,4.02766463669623e-10,0.0049011965811965,0
346,1,0.0,0.0,5.589966744628489e-10,0.0053012942612942,0
347,1,0.0,0.0,4.4172215809263644e-10,0.005001221001221,0
348,1,0.0,0.0,5.101239091680942e-10,0.0073017826617826,0
349,2,0.34375,0.0,4.898237313430193e-10,0.0055013431013431,0
350,2,0.0703125,0.0,6.043928836053378e-10,0.0051012454212454,0
351,1,0.0,0.0,5.219457632590071e-10,0.0058014163614163,0
352,0,0.0,0.0,3.9348556853707946e-10,0.0049011965811965,0
353,5,0.0859375,0.0744752967380375,8.931306381855831e-10,0.0060014652014652,0
354,3,0.36328125,0.23046875,5.19415912835384e-10,0.006201514041514,0
355,2,0.0078125,0.0,3.3776788078671083e-10,0.0045010989010989,0
356,0,0.0,0.0,3.0759972395160117e-10,0.0052012698412698,0
357,2,0.015625,0.0,4.126791056864889e-10,0.0067016361416361,0
358,3,0.0546875,0.02734375,5.093682772254201e-10,0.0088021489621489,0
359,4,0.0872395833333333,0.1040526720000367,4.6280950794601197e-10,0.0076018559218559,0
360,0,0.0,0.0,3.6068030786580456e-10,0.0055013431013431,0
361,4,0.4739583333333333,0.4955072949853317,5.946495420639764e-10,0.0057013919413919,0
362,1,0.0,0.0,5.051177599025584e-10,0.0065015873015873,0
363,0,0.0,0.0,5.119844888632091e-10,0.0046011233211233,0
364,3,0.2734375,0.12109375,1.080228025868193e-09,0.0057013919413919,0
365,4,0.0716145833333333,0.0847655249935406,4.470379207115127e-10,0.0075018315018315,0
366,0,0.0,0.0,4.013840756757996e-10,0.0052012698412698,0
367,1,0.0,0.0,4.4354483191479517e-10,0.0063015384615384,0
368,3,0.025390625,0.013671875,3.8839850313207685e-10,0.0054013186813186,0
369,7,0.2799479166666667,0.3784406145217741,9.132307092242987e-10,0.0088021489621489,0
370,1,0.0,0.0,3.3274523032421376e-10,0.0084020512820512,0
371,2,0.0078125,0.0,4.772605643999874e-10,0.0077018803418803,0
372,8,0.2075892857142857,0.3772915739321567,1.6278606308496987e-09,0.005001221001221,0
373,6,0.25234375,0.1792896410577728,1.3680465074137807e-09,0.0070017094017094,0
374,1,0.0,0.0,5.022721929830447e-10,0.0061014896214896,0
375,1,0.0,0.0,2.922779849119134e-10,0.0063015384615384,0
376,4,0.1341145833333333,0.1371953498450192,1.0018013209762864e-09,0.0048011721611721,0
377,6,0.34453125,0.1883509336816518,4.554239736657319e-09,0.0077018803418803,0
378,0,0.0,0.0,1.6401096519242692e-09,0.0051012454212454,0
379,7,0.1549479166666666,0.1795411919450094,1.205137168245284e-09,0.0053012942612942,0
380,2,0.0625,0.0,6.916868017958332e-10,0.0066016117216117,0
381,3,0.466796875,0.361328125,4.6303691290098106e-10,0.0065015873015873,0
382,1,0.0,0.0,4.896980858075751e-10,0.0059014407814407,0
383,6,0.3953125,0.4249482964873491,2.301665528383992e-09,0.0073017826617826,0
384,7,0.1744791666666666,0.2196626546722016,1.1976491294729043e-09,0.0104025396825396,0
385,0,0.0,0.0,3.949566605830914e-10,0.0053012942612942,0
386,6,0.1546875,0.1286953767623375,1.7338678049772943e-09,0.0052012698412698,0
387,5,0.2490234375,0.204050158000381,8.366867795496456e-10,0.00430105006105,0
388,3,0.09765625,0.078125,4.866528180072707e-10,0.0046011233211233,0
389,3,0.26953125,0.09765625,4.456448627007234e-10,0.0051012454212454,0
390,6,0.2265625,0.2164640604191028,6.0215272256996165e-09,0.0080019536019536,0
391,3,0.44140625,0.26953125,1.7742503471569975e-09,0.00430105006105,0
392,6,0.10234375,0.0782966863522971,1.904632736525193e-09,0.007401807081807,0
393,6,0.3140625,0.4534387383683985,2.3766389540900184e-09,0.0110026862026862,0
394,4,0.20703125,0.2038249159307239,5.685599989228651e-10,0.0053012942612942,0
395,7,0.193359375,0.2417749973274372,8.52486091823317e-10,0.0044010744810744,0
396,9,0.1953125,0.1863981295381273,1.1221285203485292e-09,0.0052012698412698,0
397,2,0.0078125,0.0,8.106662036664323e-10,0.006201514041514,0
398,5,0.1865234375,0.1621064335200001,8.371364338182675e-10,0.0046011233211233,0
399,1,0.0,0.0,7.198812151422041e-10,0.0051012454212454,0
400,7,0.2135416666666666,0.2533012289484707,1.063068365632468e-09,0.0058014163614163,0
401,5,0.0888671875,0.0459192107246435,5.785510785510785e-10,0.0056013675213675,0
402,0,0.0,0.0,3.8727781707549326e-10,0.0047011477411477,0
403,0,0.0,0.0,4.977115521586674e-10,0.0042010256410256,0
404,3,0.466796875,0.322265625,4.5102077854481696e-10,0.005001221001221,0
405,2,0.0234375,0.0,5.004555780440052e-10,0.0055013431013431,0
406,0,0.0,0.0,3.1284751340268736e-10,0.0051012454212454,0
407,3,0.046875,0.01953125,5.095573808843612e-10,0.0055013431013431,0
408,2,0.57421875,0.0,6.034866275021951e-10,0.005001221001221,0
409,1,0.0,0.0,5.397702426562887e-10,0.0053012942612942,0
410,2,0.65625,0.0,1.6971082932063359e-09,0.0058014163614163,0
411,6,0.34296875,0.4045441951868485,6.715842504819151e-10,0.0045010989010989,0
412,0,0.0,0.0,5.815531858357521e-10,0.0040009768009768,0
413,1,0.0,0.0,2.500443130079119e-10,0.0053012942612942,0
414,1,0.0,0.0,6.359951834325117e-10,0.00430105006105,0
415,1,0.0,0.0,3.7212858790239736e-10,0.0052012698412698,0
416,1,0.0,0.0,2.9737101252812103e-10,0.0057013919413919,0
417,2,1.4140625,0.0,5.975402471968405e-10,0.0052012698412698,0
418,0,0.0,0.0,3.9822098927095487e-10,0.0048011721611721,0
419,0,0.0,0.0,2.597984975274352e-10,0.0039009523809523,0
420,0,0.0,0.0,2.7119802871290957e-10,0.0047011477411477,0
421,1,0.0,0.0,3.0846289641075577e-10,0.0046011233211233,0
422,1,0.0,0.0,3.1214131633230764e-10,0.0056013675213675,0
423,7,0.1790364583333333,0.1994282072229365,1.153326892887332e-09,0.0046011233211233,0
424,4,0.5416666666666666,0.1642587285489385,1.2269482139502743e-09,0.0042010256410256,0
425,7,0.16015625,0.2258654867370363,1.181471408384469e-09,0.0052012698412698,0
426,1,0.0,0.0,2.9849726595519857e-10,0.0054013186813186,0
427,3,0.05859375,0.03125,6.467750598760214e-10,0.0040009768009768,0
428,1,0.0,0.0,2.7892140186668565e-10,0.0057013919413919,0
429,0,0.0,0.0,2.8820614756970065e-10,0.0058014163614163,0
430,2,0.12890625,0.0,5.965694352198471e-10,0.0058014163614163,0
431,2,0.1015625,0.0,4.492189072374511e-10,0.0047011477411477,0
432,1,0.0,0.0,3.4658646985942084e-10,0.0047011477411477,0
433,5,0.193359375,0.21296228725062,7.556959552051697e-10,0.0049011965811965,0
434,5,0.34765625,0.1727384207746463,1.4111091334133916e-09,0.0053012942612942,0
435,1,0.0,0.0,7.876792087643734e-10,0.0049011965811965,0
436,7,0.296875,0.2788070260007732,9.244705774253047e-10,0.0068016605616605,0
437,5,0.3115234375,0.1696494538594929,8.771302291119711e-10,0.0071017338217338,0
438,5,0.333984375,0.375696171826904,6.104211648224926e-10,0.0077018803418803,0
439,4,0.2252604166666666,0.2194541617815982,6.965261262021791e-10,0.0067016361416361,0
440,3,0.421875,0.2890625,1.2508525927081331e-09,0.005001221001221,0
441,4,0.4075520833333333,0.5296038886402245,4.96377239806727e-10,0.0053012942612942,0
442,2,0.0390625,0.0,4.3454189008361387e-10,0.0058014163614163,0
443,6,0.30703125,0.2789467320060857,1.074262283808987e-09,0.006201514041514,0
444,6,0.2359375,0.2961092096887565,1.2702463973755182e-09,0.0064015628815628,0
445,9,0.20703125,0.1810937668518111,1.8136616469949803e-09,0.0064015628815628,0
446,7,0.2395833333333333,0.2074689097775991,1.1819122090198667e-09,0.0053012942612942,0
447,2,0.10546875,0.0,5.168855132454032e-10,0.0053012942612942,0
448,11,0.149609375,0.2857605433483874,1.0118030653802174e-09,0.0061014896214896,0
449,4,0.4947916666666667,0.3737682316251907,1.110669485852636e-09,0.0055013431013431,0
450,1,0.0,0.0,3.5949651717880887e-10,0.0047011477411477,0
451,3,0.74609375,0.64453125,7.697426825417323e-10,0.0051012454212454,0
452,0,0.0,0.0,3.4235264067137916e-10,0.0059014407814407,0
453,0,0.0,0.0,3.297753572993957e-10,0.0053012942612942,0
454,0,0.0,0.0,4.4599468865866525e-10,0.0058014163614163,0
455,1,0.0,0.0,3.87610102904574e-10,0.0088021489621489,0
456,1,0.0,0.0,3.059310147122074e-10,0.0048011721611721,0
457,2,0.11328125,0.0,5.749021983053576e-10,0.0055013431013431,0
458,2,0.1015625,0.0,6.43682585898703e-10,0.0058014163614163,0
459,1,0.0,0.0,3.6438143520475245e-10,0.0053012942612942,0
460,3,0.53515625,0.11328125,3.657641446618095e-10,0.0049011965811965,0
461,0,0.0,0.0,5.567215353158575e-10,0.0037009035409035,0
462,0,0.0,0.0,3.4078969574762843e-10,0.0040009768009768,0
463,3,0.140625,0.12890625,3.9898001812493565e-10,0.008101978021978,0
464,9,0.14111328125,0.20844920432931,1.977340773553285e-09,0.0091022222222222,0
465,5,0.4169921875,0.5297066204029647,1.383734570114206e-09,0.0116028327228327,0
466,4,0.4127604166666667,0.4688078667985662,1.527336305680227e-09,0.0084020512820512,0
467,2,0.92578125,0.0,7.256356487025557e-10,0.0053012942612942,0
468,4,0.4114583333333333,0.3418706517598757,7.079630117648087e-10,0.0053012942612942,0
469,0,0.0,0.0,4.744109279422923e-10,0.0048011721611721,0
470,2,0.953125,0.0,4.290771269265432e-10,0.0058014163614163,0
471,7,0.2265625,0.2159064625849293,2.037828936089009e-09,0.007401807081807,0
472,1,0.0,0.0,4.3537339899662466e-10,0.0052012698412698,0
473,5,0.4326171875,0.4631614697468966,1.5812199035871192e-09,0.009302271062271,0
474,4,0.3841145833333333,0.0369663269962978,9.085193528087871e-10,0.0054013186813186,0
475,4,0.5963541666666666,0.8047022483815659,4.4648755061415314e-10,0.0052012698412698,0
476,1,0.0,0.0,8.691527602370664e-10,0.0080019536019536,0
477,4,0.4361979166666667,0.5699407797346263,6.33214503750218e-10,0.0063015384615384,0
478,0,0.0,0.0,2.0294370638349567e-10,0.0047011477411477,0
479,7,0.201171875,0.1351048719181348,8.772787922971071e-10,0.0064015628815628,0
480,0,0.0,0.0,5.305014513133216e-10,0.0063015384615384,0
481,7,0.1842447916666666,0.2674703883877232,1.555999827062098e-09,0.0070017094017094,0
482,2,0.02734375,0.0,4.2189791648497007e-10,0.0052012698412698,0
483,1,0.0,0.0,4.355387365059984e-10,0.005001221001221,0
484,9,0.2275390625,0.3031986736942965,9.118194198222242e-10,0.0053012942612942,0
485,4,0.1744791666666666,0.0247738249875526,1.1770859696812647e-09,0.0053012942612942,0
486,2,0.01171875,0.0,6.36120610000246e-10,0.0049011965811965,0
487,3,0.224609375,0.001953125,2.738836299367434e-09,0.0065015873015873,0
488,2,1.13671875,0.0,4.912920525157246e-10,0.0047011477411477,0
489,1,0.0,0.0,5.17597563043133e-10,0.0058014163614163,0
490,7,0.18359375,0.3297254495338698,8.314710362558346e-10,0.0116028327228327,0
491,5,0.4169921875,0.3597503029276597,9.021896112913167e-10,0.0101024664224664,0
492,2,0.61328125,0.0,1.0287119813819672e-08,0.0268065445665445,0
493,7,0.2962239583333333,0.3263953097818852,3.7460672872281446e-08,0.0401097924297924,0
494,5,0.046875,0.0391600344839129,7.50773277886516e-09,0.0118028815628815,0
495,3,0.37109375,0.23828125,3.8066997783114996e-10,0.0066016117216117,0
496,1,0.0,0.0,1.1138253323463943e-09,0.0057013919413919,0
497,2,0.01171875,0.0,3.2162818611994437e-10,0.0048011721611721,0
498,5,0.3759765625,0.5417334686559542,9.61267106968801e-10,0.0070017094017094,0
499,4,0.2096354166666666,0.1624528343676934,2.1074639080648696e-09,0.0056013675213675,0
500,6,0.23515625,0.2462536682785152,1.1194304654526724e-09,0.0059014407814407,0
501,4,0.2278645833333333,0.2946968708006962,8.114207168937595e-10,0.0052012698412698,0
502,4,0.5677083333333334,0.0681326846455788,7.670063828388574e-10,0.0055013431013431,0
503,2,0.046875,0.0,4.14658341421162e-10,0.0044010744810744,0
504,5,0.140625,0.1290541291928265,3.9258569743917725e-10,0.0057013919413919,0
505,1,0.0,0.0,6.318327033585731e-10,0.0056013675213675,0
506,0,0.0,0.0,6.185502729129675e-10,0.0096023443223443,0
507,4,0.2760416666666667,0.3738090535960134,5.286737278395358e-10,0.0071017338217338,0
508,2,0.078125,0.0,4.0812087350691966e-10,0.0045010989010989,0
509,0,0.0,0.0,3.8026476643692756e-10,0.0041010012210012,0
510,7,0.0572916666666666,0.0518549681034892,6.388245537298307e-10,0.0097023687423687,0
511,2,0.01953125,0.0,4.837620604619231e-10,0.0059014407814407,0
512,0,0.0,0.0,3.564708196175686e-10,0.0052012698412698,0
513,8,0.1316964285714285,0.1263652129819636,1.1832625555153027e-09,0.0057013919413919,0
514,1,0.0,0.0,7.366915712153806e-10,0.0073017826617826,0
515,1,0.0,0.0,6.150965604505552e-10,0.0067016361416361,0
516,5,0.4033203125,0.6267941472406524,5.496805470763804e-10,0.0068016605616605,0
517,1,0.0,0.0,4.198871132937067e-10,0.0076018559218559,0
518,2,0.01171875,0.0,2.677882285940894e-10,0.0064015628815628,0
519,0,0.0,0.0,3.145344004561609e-10,0.0048011721611721,0
520,1,0.0,0.0,4.898350803928299e-10,0.0049011965811965,0
521,6,0.2265625,0.2803588311766726,3.873955797733843e-10,0.0054013186813186,0
522,1,0.0,0.0,3.3075515568790524e-10,0.0069016849816849,0
523,2,0.03125,0.0,5.096652154931115e-10,0.0052012698412698,0
524,0,0.0,0.0,3.279517913002917e-10,0.0056013675213675,0
525,1,0.0,0.0,2.7034325972197985e-10,0.0072017582417582,0
526,0,0.0,0.0,3.751635828558905e-10,0.0055013431013431,0
527,0,0.0,0.0,2.5760993623287566e-10,0.0063015384615384,0
528,0,0.0,0.0,4.856274574466539e-10,0.0061014896214896,0
529,3,0.05078125,0.04296875,5.107094404713453e-10,0.0065015873015873,0
530,2,0.0078125,0.0,4.0630858026834437e-10,0.0063015384615384,0
531,4,0.046875,0.0194006047210303,5.551533485613728e-10,0.008101978021978,0
532,0,0.0,0.0,5.12040966808595e-10,0.0055013431013431,0
533,3,0.052734375,0.009765625,4.304652080808215e-10,0.00430105006105,0
534,7,0.1673177083333333,0.2168985153382709,6.513901788183496e-10,0.0051012454212454,0
535,1,0.0,0.0,4.240290878569265e-10,0.0047011477411477,0
536,0,0.0,0.0,3.1307626652321006e-10,0.0049011965811965,0
537,1,0.0,0.0,4.2013589788315056e-10,0.0048011721611721,0
538,13,0.076171875,0.0651984993666377,1.1618020747842747e-09,0.0241058852258852,0
539,4,0.0390625,0.0055242717280199,1.114839594854762e-09,0.0113027594627594,0
540,2,1.32421875,0.0,2.95859254800704e-10,0.0042010256410256,0
541,2,0.08203125,0.0,5.072465453417835e-10,0.005001221001221,0
542,3,0.73046875,0.25390625,1.1557219005493383e-09,0.0085020757020757,0
543,4,0.3893229166666667,0.3014709579681994,9.572242548948134e-10,0.0098023931623931,0
544,2,0.7578125,0.0,4.41908658598219e-10,0.006201514041514,0
545,1,0.0,0.0,7.264699255770682e-10,0.0107026129426129,0
546,12,0.0788352272727272,0.0842390625180837,5.858736569359278e-10,0.0118028815628815,0
547,8,0.2087053571428571,0.2014532115517529,3.0523403921068755e-09,0.0141034432234432,0
548,9,0.109375,0.1432853819605955,2.580931173696741e-09,0.0146035653235653,0
549,4,0.0182291666666666,0.0092071195466998,1.3915128465094123e-09,0.0104025396825396,0
550,5,0.4599609375,0.407182064415346,3.0273746949127556e-09,0.0239058363858363,0
551,7,0.0677083333333333,0.0386479741657703,5.659872042142245e-09,0.0144035164835164,0
552,2,0.6015625,0.0,3.349413943407189e-10,0.0044010744810744,0
553,3,0.03125,0.0234375,5.695092629630746e-10,0.0060014652014652,0
554,8,0.2455357142857142,0.3323457581579179,1.321817657830993e-09,0.0078019047619047,0
555,3,0.0703125,0.00390625,5.700747360088018e-10,0.0047011477411477,0
556,1,0.0,0.0,3.406661892238814e-10,0.0036008791208791,0
557,1,0.0,0.0,4.1759832244178624e-10,0.005001221001221,0
558,7,0.2174479166666666,0.1427548966006848,7.087216090893403e-10,0.0061014896214896,0
559,7,0.107421875,0.0887544356836075,9.68090457610833e-10,0.0052012698412698,0
560,3,0.25,0.21484375,6.714079768166306e-10,0.0069016849816849,0
561,1,0.0,0.0,3.412162826997992e-10,0.00430105006105,0
562,0,0.0,0.0,3.2202466617673803e-10,0.0066016117216117,0
563,6,0.15546875,0.2085279039331427,1.0934285734551875e-09,0.0067016361416361,0
564,3,0.150390625,0.119140625,7.361429406301201e-10,0.0047011477411477,0
565,1,0.0,0.0,4.757150780745674e-10,0.0055013431013431,0
566,5,0.37109375,0.2240396987613886,6.342321235693489e-10,0.0052012698412698,0
567,6,0.23984375,0.2558113623844726,2.1485043270814787e-09,0.0090021978021978,0
568,0,0.0,0.0,2.666247529857878e-10,0.0061014896214896,0
569,1,0.0,0.0,3.4641397921073967e-10,0.0052012698412698,0
570,3,0.560546875,0.251953125,4.615490814723872e-10,0.0045010989010989,0
571,1,0.0,0.0,3.3238720647145555e-10,0.0057013919413919,0
572,1,0.0,0.0,4.4710084655711935e-10,0.0065015873015873,0
573,1,0.0,0.0,3.5428414924895e-10,0.0053012942612942,0
574,3,0.447265625,0.263671875,1.214667519429424e-09,0.0076018559218559,0
575,1,0.0,0.0,2.4045855168956417e-08,0.0121029548229548,0
576,1,0.0,0.0,4.892035775177371e-10,0.0067016361416361,0
577,8,0.1149553571428571,0.2115654626672852,6.32980869280377e-10,0.0102024908424908,0
578,0,0.0,0.0,3.1635888600317397e-10,0.0057013919413919,0
579,0,0.0,0.0,2.2859251469599447e-10,0.0051012454212454,0
580,5,0.2548828125,0.2148148950793431,1.3427862153723531e-09,0.0048011721611721,0
581,3,0.1953125,0.09765625,1.2084877638048422e-09,0.0070017094017094,0
582,8,0.2566964285714285,0.2438175477115343,8.907236467003522e-10,0.0070017094017094,0
583,11,0.1671875,0.3826482428214913,1.342516153643958e-09,0.0077018803418803,0
584,3,0.14453125,0.0390625,8.007359405725361e-10,0.0106025885225885,0
585,0,0.0,0.0,3.74947426784652e-10,0.006201514041514,0
586,3,0.19140625,0.05078125,9.268493896298384e-10,0.0058014163614163,0
587,2,0.109375,0.0,6.606880002713334e-10,0.0054013186813186,0
588,2,1.2109375,0.0,7.350174087482351e-10,0.0109026617826617,0
589,5,0.3447265625,0.4982067375177753,6.1373078430227e-10,0.0077018803418803,0
590,2,1.671875,0.0,5.109428361732046e-10,0.0069016849816849,0
591,0,0.0,0.0,3.6676330829833567e-10,0.0075018315018315,0
592,4,0.2760416666666667,0.3241063016176388,7.47553794659163e-10,0.0080019536019536,0
593,1,0.0,0.0,6.360994359391794e-10,0.0051012454212454,0
594,3,0.626953125,0.599609375,1.5302596643728167e-09,0.0092022466422466,0
595,4,0.3177083333333333,0.3493904740287203,1.0486633628632254e-09,0.0160039072039072,0
596,5,0.25,0.3162736025962627,6.867372655834192e-10,0.00430105006105,0
597,1,0.0,0.0,4.3106955138920564e-10,0.0052012698412698,0
598,1,0.0,0.0,3.5094733293136453e-10,0.0065015873015873,0
599,1,0.0,0.0,3.0452873676316896e-10,0.0072017582417582,0
600,6,0.03046875,0.0253635673136686,6.781722550953318e-10,0.0056013675213675,0
601,0,0.0,0.0,6.871832049716665e-10,0.0054013186813186,0
602,1,0.0,0.0,4.245997357618809e-10,0.0057013919413919,0
603,4,0.2669270833333333,0.3609190862306336,5.003242376010231e-10,0.0072017582417582,0
604,5,0.416015625,0.6344169715564268,7.62705783058347e-10,0.0064015628815628,0
605,1,0.0,0.0,4.84508872548307e-10,0.0066016117216117,0
606,3,0.01953125,0.00390625,4.516812037931543e-10,0.0063015384615384,0
607,4,0.4947916666666667,0.1476932181088462,4.5303805817198664e-10,0.0053012942612942,0
608,6,0.17109375,0.2035812184362791,1.4681463240772416e-09,0.0091022222222222,0
609,20,0.0873766447368421,0.1207664196373115,2.9709277823760993e-09,0.0191046642246642,0
610,19,0.095703125,0.1306259578687966,1.0403395508981591e-08,0.0211051526251526,0
611,0,0.0,0.0,4.074130161255275e-10,0.0056013675213675,0
612,11,0.129296875,0.1376137003265958,2.374890273882948e-09,0.0060014652014652,0
613,6,0.1578125,0.1321121238995498,2.9518842753790093e-09,0.0072017582417582,0
614,5,0.140625,0.2166296511600356,4.794896108440637e-10,0.0076018559218559,0
615,1,0.0,0.0,7.589116666554853e-10,0.0079019291819291,0
616,0,0.0,0.0,2.680964582578593e-10,0.0059014407814407,0
617,0,0.0,0.0,5.241468062953869e-10,0.0047011477411477,0
618,4,0.234375,0.2154702040983083,8.732739747978415e-10,0.0048011721611721,0
619,6,0.26640625,0.3744983623962861,1.189837661998834e-09,0.0059014407814407,0
620,5,0.2255859375,0.3113550191293079,7.188135542130504e-10,0.0059014407814407,0
621,3,0.873046875,0.767578125,1.001334321669715e-09,0.0054013186813186,0
622,2,0.66015625,0.0,5.82679336767306e-10,0.0046011233211233,0
623,1,0.0,0.0,4.2583496056624487e-10,0.0057013919413919,0
624,3,0.1484375,0.09765625,6.335375789588243e-10,0.0048011721611721,0
625,0,0.0,0.0,3.700635709850453e-10,0.0049011965811965,0
626,6,0.04453125,0.0519751480577496,6.86589941662343e-10,0.0052012698412698,0
627,3,0.21484375,0.1796875,5.67405882437075e-10,0.0061014896214896,0
628,3,0.31640625,0.30078125,4.4431656497247145e-10,0.0082020024420024,0
629,5,0.28515625,0.188413303017346,6.211560800903748e-10,0.0080019536019536,0
630,2,1.66796875,0.0,4.040596933697322e-10,0.0102024908424908,0
631,1,0.0,0.0,3.8746826132929606e-10,0.006201514041514,0
632,4,0.2942708333333333,0.3618198840199668,1.1753673853047136e-09,0.010002442002442,0
633,2,0.06640625,0.0,5.918609230551193e-10,0.0078019047619047,0
634,2,0.09765625,0.0,3.9791229430080156e-10,0.0073017826617826,0
635,5,0.3525390625,0.3487121320832008,1.0420432532740796e-09,0.0049011965811965,0
636,3,0.43359375,0.42578125,4.4491464731849335e-10,0.0053012942612942,0
637,0,0.0,0.0,3.684833998249749e-10,0.0053012942612942,0
638,1,0.0,0.0,5.450367171578252e-10,0.0067016361416361,0
639,2,0.68359375,0.0,3.8099627698986664e-10,0.0064015628815628,0
640,3,0.3671875,0.0,1.0926925443637895e-09,0.0070017094017094,0
641,4,0.1119791666666666,0.0641333872709622,6.635790449206198e-10,0.0055013431013431,0
642,3,0.16796875,0.046875,6.355976923971431e-10,0.0056013675213675,0
643,2,0.20703125,0.0,4.0281867756827685e-10,0.0067016361416361,0
644,1,0.0,0.0,3.5196489276731946e-10,0.0067016361416361,0
645,3,0.37109375,0.359375,3.9817678108801045e-10,0.0059014407814407,0
646,4,0.02734375,0.0159471988462446,3.5638124027690187e-10,0.006201514041514,0
647,1,0.0,0.0,7.747119497248272e-10,0.0063015384615384,0
648,5,0.091796875,0.0799350856628168,6.863533266692605e-10,0.0065015873015873,0
649,2,1.05078125,0.0,6.532735061137646e-10,0.0058014163614163,0
650,0,0.0,0.0,3.6471768632940785e-10,0.0056013675213675,0
651,2,0.43359375,0.0,3.9232859906509167e-10,0.0068016605616605,0
652,1,0.0,0.0,6.334634321828116e-10,0.0060014652014652,0
653,3,0.388671875,0.365234375,7.386277995953477e-10,0.0069016849816849,0
654,8,0.1696428571428571,0.2791015499479617,1.8797321525243343e-09,0.0073017826617826,0
655,5,0.1552734375,0.107559393510396,1.6158237970566264e-09,0.0057013919413919,0
656,2,0.875,0.0,3.5278053350970007e-10,0.0055013431013431,0
657,5,0.26953125,0.2714492445795576,6.01720568480241e-10,0.0047011477411477,0
658,3,0.1875,0.1796875,5.891709169696805e-10,0.0058014163614163,0
659,1,0.0,0.0,3.1794152462650625e-10,0.0067016361416361,0
660,0,0.0,0.0,4.1916408890424444e-10,0.0048011721611721,0
661,0,0.0,0.0,1.9526821028652528e-10,0.0051012454212454,0
662,5,0.2177734375,0.2123681051786448,5.697347467093344e-10,0.0066016117216117,0
663,2,0.65234375,0.0,4.5539226853901757e-10,0.0061014896214896,0
664,2,0.04296875,0.0,7.847623235958856e-10,0.0065015873015873,0
665,2,0.66796875,0.0,5.265825471926662e-10,0.005001221001221,0
666,1,0.0,0.0,4.455272444283433e-10,0.0044010744810744,0
667,2,0.5625,0.0,4.2518657912430806e-10,0.0058014163614163,0
668,3,0.103515625,0.087890625,6.076505640608205e-10,0.005001221001221,0
669,2,0.0078125,0.0,3.4214929013463806e-10,0.0053012942612942,0
670,5,0.1865234375,0.1489089706188372,7.643687449777193e-10,0.0095023199023199,0
671,4,0.0221354166666666,0.0150727043005081,1.7390639675495443e-09,0.0094022954822954,0
672,1,0.0,0.0,4.91028583113061e-10,0.0054013186813186,0
673,6,0.1796875,0.1911908864933812,5.051249159536705e-10,0.0048011721611721,0
674,2,1.84375,0.0,3.4967387787900604e-10,0.0049011965811965,0
675,4,0.48828125,0.32692924482186,5.648384423624806e-10,0.0060014652014652,0
676,2,0.15625,0.0,4.671374280248477e-10,0.0045010989010989,0
677,2,1.12890625,0.0,6.165290332314714e-10,0.006201514041514,0
678,11,0.03046875,0.0352342883868115,9.766369787217427e-10,0.0070017094017094,0
679,2,0.5546875,0.0,3.2324270259824275e-10,0.0045010989010989,0
680,7,0.25390625,0.319334444281677,7.638031653599419e-10,0.0072017582417582,0
681,1,0.0,0.0,3.9592105086610575e-10,0.0072017582417582,0
682,2,0.06640625,0.0,5.44721307566145e-10,0.0069016849816849,0
683,1,0.0,0.0,3.494591957632823e-10,0.0066016117216117,0
684,4,0.1145833333333333,0.0756329986013416,5.907384573035328e-10,0.0060014652014652,0
685,5,0.0546875,0.0587238139780191,9.483071373410201e-10,0.0070017094017094,0
686,0,0.0,0.0,4.845126043171487e-10,0.006201514041514,0
687,2,0.90234375,0.0,5.555187666508635e-10,0.0060014652014652,0
688,3,0.609375,0.5859375,4.0316576759456787e-10,0.0087021245421245,0
689,0,0.0,0.0,3.024615971402258e-10,0.0058014163614163,0
690,2,0.3984375,0.0,3.3711975966010987e-10,0.0068016605616605,0
691,0,0.0,0.0,1.9333532873482504e-10,0.005001221001221,0
692,0,0.0,0.0,4.131203395984187e-10,0.0049011965811965,0
693,1,0.0,0.0,3.063994565268031e-10,0.0056013675213675,0
694,0,0.0,0.0,3.8369186675190555e-10,0.007401807081807,0
695,3,0.8203125,0.75390625,4.263490315244551e-10,0.0056013675213675,0
696,3,0.65625,0.51953125,4.37409300779264e-10,0.0059014407814407,0
697,2,0.0078125,0.0,4.88162584642667e-10,0.0060014652014652,0
698,3,0.521484375,0.294921875,6.383650989091122e-10,0.0056013675213675,0
699,3,0.6796875,0.671875,5.003630205095406e-10,0.0053012942612942,0
700,0,0.0,0.0,2.9163867548854955e-10,0.0047011477411477,0
701,4,0.546875,0.4818799144528904,1.2581192038198964e-08,0.0127031013431013,0
702,2,0.0546875,0.0,1.926266767801795e-09,0.0086021001221001,0
703,4,0.24609375,0.2513998892141263,5.616113539090302e-10,0.0071017338217338,0
704,6,0.28828125,0.2441878079406811,6.857743643973038e-10,0.0055013431013431,0
705,1,0.0,0.0,2.4296357956671603e-09,0.0055013431013431,0
706,3,0.8359375,0.11328125,6.505734508081117e-10,0.0044010744810744,0
707,3,0.73046875,0.23046875,5.354418753242585e-10,0.0046011233211233,0
708,3,0.68359375,0.66015625,6.940300311651614e-10,0.0057013919413919,0
709,3,0.43359375,0.3046875,5.102292996080198e-10,0.005001221001221,0
710,6,0.128125,0.2231887820251614,6.624112924536458e-10,0.0079019291819291,0
711,3,0.2421875,0.21875,5.185613593179985e-10,0.0105025641025641,0
712,3,0.1171875,0.08203125,5.007601155394768e-10,0.0098023931623931,0
713,7,0.1360677083333333,0.1277651646972399,1.1134503105428011e-09,0.0056013675213675,0
714,5,0.2216796875,0.2424295507919114,1.0487893508268963e-09,0.0049011965811965,0
715,6,0.16484375,0.141563707224433,1.8454905696663934e-09,0.005001221001221,0
716,5,0.125,0.1420554417653764,6.843808748570651e-10,0.0051012454212454,0
717,1,0.0,0.0,7.399599857475313e-10,0.0044010744810744,0
718,0,0.0,0.0,3.8453805116036105e-10,0.0066016117216117,0
719,4,0.3111979166666667,0.2166550853274944,6.723092636339544e-10,0.0072017582417582,0
720,0,0.0,0.0,2.7836742287864083e-10,0.0047011477411477,0
721,2,0.6875,0.0,4.53558206066505e-10,0.0082020024420024,0
722,6,0.2140625,0.167512097277704,1.0436672837828972e-09,0.0060014652014652,0
723,5,0.0458984375,0.0356278053651459,6.147915366837068e-10,0.0090021978021978,0
724,11,0.176171875,0.3285453501712368,1.0670908280855623e-09,0.0067016361416361,0
725,8,0.04296875,0.0528221409205322,6.377776044671648e-10,0.0071017338217338,0
726,7,0.2350260416666666,0.2182543755949989,9.488822746663863e-10,0.0082020024420024,0
727,3,0.048828125,0.017578125,4.808446278741607e-10,0.0048011721611721,0
728,2,0.828125,0.0,4.695461922167508e-10,0.0061014896214896,0
729,5,0.08203125,0.1217848224071866,4.734466238486956e-10,0.0077018803418803,0
730,2,1.06640625,0.0,5.808604791563238e-10,0.0076018559218559,0
731,1,0.0,0.0,6.54309088273431e-10,0.0047011477411477,0
732,11,0.157421875,0.2393677202915591,7.376922047308952e-10,0.009302271062271,0
733,5,0.044921875,0.0376198443051918,9.83639850273607e-10,0.009302271062271,0
734,7,0.228515625,0.2670263090470811,7.536889350305102e-10,0.0060014652014652,0
735,4,0.2721354166666667,0.3628165897821935,5.451353568698463e-10,0.0069016849816849,0
736,3,0.50390625,0.49609375,5.991919014140282e-10,0.0075018315018315,0
737,8,0.1802455357142857,0.2668321161119394,2.996586803493997e-08,0.0371090598290597,0
738,4,0.3763020833333333,0.2582921149072574,3.6038865258429424e-08,0.048111746031746,0
739,8,0.0998883928571428,0.1218180588790877,1.0260457897820535e-09,0.006201514041514,0
740,3,0.23828125,0.22265625,4.806653137024587e-10,0.0059014407814407,0
741,4,0.52734375,0.5125083364413451,7.270765499932166e-10,0.0055013431013431,0
742,6,0.23203125,0.2030588834704111,1.493267097872323e-08,0.026206398046398,0
743,4,0.24609375,0.2585807681786776,2.062390320471822e-09,0.0123030036630036,0
744,2,0.89453125,0.0,2.9167496880408972e-08,0.0180043956043955,0
745,0,0.0,0.0,5.940371808103034e-10,0.0055013431013431,0
746,4,0.55859375,0.1547124874599386,6.635625425589368e-10,0.0069016849816849,0
747,4,0.4752604166666667,0.3925775851640843,8.542638860003784e-10,0.0047011477411477,0
748,3,0.359375,0.3515625,1.540799880075578e-09,0.0056013675213675,0
749,15,0.087890625,0.0771669775981969,5.128332715914275e-09,0.0170041514041514,0
750,5,0.12109375,0.145137032837182,1.601112644234496e-09,0.0220053724053724,0
751,8,0.2728794642857143,0.3377651473471415,9.483137599495199e-10,0.0073017826617826,0
752,4,0.5755208333333334,0.5321141613279653,8.048767271194582e-10,0.016203956043956,0
753,13,0.0947265625,0.1511296859868731,1.2325560579466831e-09,0.0157038339438339,0
754,0,0.0,0.0,2.6922069671611793e-10,0.0084020512820512,0
755,16,0.12265625,0.1539597781280877,3.645111926742536e-08,0.078119072039072,0
756,9,0.16552734375,0.116090856749677,7.029937186957707e-08,0.0817199511599511,0
757,3,0.478515625,0.181640625,1.773310780008639e-09,0.0065015873015873,0
758,2,1.23828125,0.0,1.4316413651807423e-09,0.0078019047619047,0
759,4,0.2265625,0.2409452346899429,6.445807349553341e-10,0.0044010744810744,0
760,10,0.1258680555555555,0.1317973069402605,1.1766804327472823e-09,0.0073017826617826,0
761,5,0.451171875,0.3314160200852406,1.1884538210144895e-09,0.0066016117216117,0
762,3,0.05078125,0.03515625,8.443680520846843e-10,0.0046011233211233,0
763,5,0.044921875,0.0223545373872257,1.225340685220779e-09,0.006201514041514,0
764,11,0.166015625,0.1434636456631195,2.086756832328318e-09,0.0061014896214896,0
765,3,0.181640625,0.005859375,9.996980289691484e-10,0.0049011965811965,0
766,5,0.189453125,0.1472376465464824,9.836934554325238e-10,0.0057013919413919,0
767,4,0.17578125,0.1203141910054323,4.840989469423533e-10,0.0053012942612942,0
768,6,0.30859375,0.3553871815754262,7.232772173835015e-10,0.0060014652014652,0
769,1,0.0,0.0,7.56085250092805e-10,0.005001221001221,0
770,7,0.134765625,0.1397496992277435,1.8322565689381163e-09,0.0065015873015873,0
771,1,0.0,0.0,5.145925946192085e-10,0.005001221001221,0
772,8,0.2366071428571428,0.357555913481995,2.0969345988176114e-09,0.0056013675213675,0
773,5,0.4140625,0.4935806177027974,1.036725445403616e-09,0.0060014652014652,0
774,6,0.2,0.0921874999999999,1.158011383246044e-09,0.0049011965811965,0
775,9,0.1015625,0.0773891123287459,1.7598413167795603e-09,0.0078019047619047,0
776,2,1.19921875,0.0,3.433570880686265e-10,0.0061014896214896,0
777,1,0.0,0.0,4.3006840772551615e-10,0.0048011721611721,0
778,4,0.1666666666666666,0.0784066105068989,8.934157527793059e-10,0.0068016605616605,0
779,5,0.18359375,0.20434205702579,9.32581947966563e-10,0.0067016361416361,0
780,7,0.0553385416666666,0.046951796177351,9.68807946659652e-10,0.0064015628815628,0
781,3,0.591796875,0.041015625,8.611250505023397e-10,0.0051012454212454,0
782,4,0.2278645833333333,0.132748657040968,9.492457727118901e-10,0.0042010256410256,0
783,2,0.9140625,0.0,1.1577653119344111e-08,0.009302271062271,0
784,8,0.2098214285714285,0.3687733746050575,1.183771081815095e-09,0.0051012454212454,0
785,1,0.0,0.0,6.94718321219294e-10,0.0057013919413919,0
786,1,0.0,0.0,4.699208104442192e-10,0.0057013919413919,0
787,7,0.1419270833333333,0.0868109807332462,8.211080749141645e-10,0.0045010989010989,0
788,1,0.0,0.0,9.781998071733075e-10,0.0059014407814407,0
789,7,0.1067708333333333,0.1014539350304349,4.0858213422888326e-10,0.0072017582417582,0
790,3,0.013671875,0.001953125,6.853558256731904e-10,0.0069016849816849,0
791,5,0.404296875,0.6529194923766564,6.076943709970837e-10,0.0060014652014652,0
792,8,0.1506696428571428,0.153546039092041,1.6119475438857874e-09,0.0073017826617826,0
793,0,0.0,0.0,5.25746568077154e-10,0.0038009279609279,0
794,11,0.179296875,0.2211189390465641,8.105539495205816e-10,0.0066016117216117,0
795,3,0.791015625,0.701171875,1.1497957072032732e-09,0.0086021001221001,0
796,4,0.5026041666666666,0.6147129762627139,1.5257798395218263e-09,0.0052012698412698,0
797,1,0.0,0.0,1.562190573002157e-09,0.0048011721611721,0
798,2,0.109375,0.0,6.929068665804586e-10,0.0048011721611721,0
799,1,0.0,0.0,2.4510056255134086e-10,0.0073017826617826,0
800,1,0.0,0.0,4.1355585064948607e-10,0.0059014407814407,0
801,2,0.125,0.0,6.018367919981928e-10,0.0045010989010989,0
802,1,0.0,0.0,3.895643244902058e-10,0.0054013186813186,0
803,1,0.0,0.0,4.2378941372187694e-10,0.0044010744810744,0
804,0,0.0,0.0,4.492305171849585e-10,0.005001221001221,0
805,2,0.27734375,0.0,3.8774287479072277e-10,0.006201514041514,0
806,0,0.0,0.0,3.2842085099983446e-10,0.0048011721611721,0
807,1,0.0,0.0,3.2856561195045623e-10,0.0079019291819291,0
808,3,0.05078125,0.02734375,6.446940117269785e-10,0.0076018559218559,0
809,4,0.0625,0.0582018141630911,8.102816748206515e-10,0.008101978021978,0
810,2,0.015625,0.0,3.564423444975184e-10,0.0072017582417582,0
811,0,0.0,0.0,2.555930217460094e-10,0.00430105006105,0
812,0,0.0,0.0,3.783904377826081e-10,0.0056013675213675,0
813,7,0.111328125,0.1135223278876735,8.412123406986616e-10,0.006201514041514,0
814,3,0.703125,0.69140625,7.484562962813877e-10,0.0054013186813186,0
815,5,0.2353515625,0.2093650701644867,3.4049506301774213e-08,0.128131282051282,0
816,18,0.0840992647058823,0.0597108229718369,1.229004606102248e-08,0.0432105494505494,0
817,10,0.2122395833333333,0.1865481481777336,9.738639869491517e-08,0.1080263736263736,0
818,10,0.1098090277777777,0.1101387712142078,5.027925981063858e-09,0.0190046398046398,0
819,2,0.06640625,0.0,9.189977479869879e-10,0.0172042002442002,0
820,8,0.2472098214285714,0.2903695285148279,5.396019013292364e-10,0.0052012698412698,0
821,4,0.03515625,0.0199180449749718,2.682867759063958e-09,0.0080019536019536,0
822,27,0.0602463942307692,0.0580217783883516,1.0639066526443472e-09,0.0095023199023199,0
823,2,1.6015625,0.0,3.6594143629400037e-10,0.0079019291819291,0
824,1,0.0,0.0,3.5740291565755155e-10,0.0070017094017094,0
825,5,0.24609375,0.1724732132168463,1.9411261000332083e-09,0.0042010256410256,0
826,10,0.1427951388888889,0.2994175157959736,7.948308053977124e-10,0.0069016849816849,0
827,9,0.19873046875,0.1965336580448927,8.176998588170747e-10,0.0108026373626373,0
828,12,0.1495028409090909,0.188504139079294,1.091967199848381e-09,0.0085020757020757,0
829,1,0.0,0.0,3.822401626659868e-10,0.0042010256410256,0
830,3,0.48828125,0.3671875,8.699091865200496e-10,0.0049011965811965,0
831,10,0.14453125,0.2911139200607298,1.1332762503149406e-09,0.0107026129426129,0
832,4,0.0416666666666666,0.0424726729955731,1.1038948648438114e-09,0.0089021733821733,0
833,7,0.1484375,0.2244989538359533,7.133185199348201e-10,0.0101024664224664,0
834,3,0.38671875,0.37109375,4.729797381025057e-10,0.0113027594627594,0
835,0,0.0,0.0,4.02003841066341e-10,0.0064015628815628,0
836,0,0.0,0.0,2.2619276778073708e-10,0.0083020268620268,0
837,0,0.0,0.0,3.5788514312009043e-10,0.0110026862026862,0
838,0,0.0,0.0,3.113840077725151e-10,0.0053012942612942,0
839,0,0.0,0.0,3.455462130885665e-10,0.0042010256410256,0
840,0,0.0,0.0,3.084704205139759e-10,0.0051012454212454,0
841,0,0.0,0.0,3.2024173790571447e-10,0.0059014407814407,0
842,3,0.55859375,0.546875,4.836010306763512e-10,0.0057013919413919,0
843,1,0.0,0.0,3.0601267103241686e-10,0.0053012942612942,0
844,0,0.0,0.0,3.05575868304806e-10,0.0049011965811965,0
845,1,0.0,0.0,3.5680383863906056e-10,0.0078019047619047,0
846,7,0.279296875,0.4201943156915061,6.496052221842056e-10,0.0065015873015873,0
847,4,0.2408854166666666,0.3296148797718542,1.0902940000238532e-09,0.0073017826617826,0
848,15,0.1247209821428571,0.2051881841456429,4.220843917743242e-09,0.0146035653235653,0
849,11,0.0453125,0.0397670831019512,1.950853321241657e-09,0.0087021245421245,0
850,5,0.373046875,0.2613176146989581,1.5377770826717711e-09,0.0076018559218559,0
851,4,0.47265625,0.651871866503335,5.647225449666498e-10,0.0041010012210012,0
852,1,0.0,0.0,5.237103774434931e-10,0.0048011721611721,0
853,3,0.205078125,0.173828125,8.64076602452289e-10,0.0042010256410256,0
854,3,0.333984375,0.177734375,5.75746651937128e-10,0.0054013186813186,0
855,3,0.505859375,0.498046875,8.461008256853035e-10,0.0064015628815628,0
856,7,0.2897135416666667,0.4124034216236374,5.4545075941495915e-09,0.0146035653235653,0
857,13,0.1399739583333333,0.1268763122323697,1.4450528307935872e-08,0.038109304029304,0
858,8,0.1668526785714285,0.1007374257073197,3.193187317977267e-08,0.0684167032967033,0
859,5,0.1865234375,0.0633713069644829,1.7534276686992454e-09,0.0137033455433455,0
860,7,0.2350260416666666,0.2732273808259881,1.0728250077151175e-09,0.0072017582417582,0
861,6,0.31640625,0.2843041635676041,1.0271442197509618e-09,0.0056013675213675,0
862,2,1.1796875,0.0,5.720935973282585e-10,0.0049011965811965,0
863,1,0.0,0.0,2.0932408441098055e-08,0.0126030769230769,0
864,5,0.2607421875,0.1752678048181174,1.3775611558177946e-09,0.0045010989010989,0
865,1,0.0,0.0,6.43960181048093e-10,0.0046011233211233,0
866,0,0.0,0.0,5.73476385404041e-10,0.0055013431013431,0
867,5,0.3154296875,0.3070865959777457,8.699257797300379e-10,0.0063015384615384,0
868,3,0.8515625,0.125,1.7038089479710354e-09,0.0066016117216117,0
869,7,0.2682291666666667,0.2320376799520602,9.52793626730497e-10,0.0048011721611721,0
870,3,0.80859375,0.77734375,9.5839496983184e-10,0.0042010256410256,0
871,2,0.0078125,0.0,6.782851026669706e-10,0.010002442002442,0
872,2,0.0390625,0.0,1.337202878870976e-09,0.005001221001221,0
873,3,0.564453125,0.474609375,4.720512596886223e-10,0.0045010989010989,0
874,1,0.0,0.0,4.1848004484365514e-10,0.007401807081807,0
875,8,0.1595982142857142,0.2041465189021035,1.3007672535374e-09,0.0046011233211233,0
876,4,0.13671875,0.157836992736309,8.912280737615557e-10,0.0059014407814407,0
877,1,0.0,0.0,5.184742538465637e-10,0.0039009523809523,0
878,0,0.0,0.0,3.725262029806444e-10,0.0051012454212454,0
879,0,0.0,0.0,5.755449727762571e-10,0.00430105006105,0
880,2,0.125,0.0,8.995397741334094e-10,0.0044010744810744,0
881,2,0.87109375,0.0,7.722905255886597e-10,0.0040009768009768,0
882,4,0.0833333333333333,0.0730328315748966,1.3339600789019855e-09,0.00430105006105,0
883,3,0.1953125,0.1171875,7.61505474285923e-10,0.0066016117216117,0
884,9,0.15185546875,0.1449586888362205,9.6941763196485e-10,0.013103199023199,0
885,2,0.4765625,0.0,3.576309501446864e-10,0.0067016361416361,0
886,3,0.416015625,0.408203125,4.743092634475988e-10,0.0078019047619047,0
887,3,0.5,0.04296875,4.935037166507518e-10,0.005001221001221,0
888,2,1.44921875,0.0,3.49556240971076e-10,0.0055013431013431,0
889,1,0.0,0.0,4.0860321103567427e-10,0.0044010744810744,0
890,1,0.0,0.0,1.12980918082223e-09,0.0048011721611721,0
891,2,0.5390625,0.0,3.878636302414346e-10,0.0053012942612942,0
892,0,0.0,0.0,3.062442410327597e-10,0.0041010012210012,0
893,2,1.80078125,0.0,2.97188855270357e-10,0.0048011721611721,0
894,3,0.21484375,0.19140625,4.782888198767891e-10,0.0057013919413919,0
895,5,0.2197265625,0.3580283767279913,4.957574674278541e-10,0.0047011477411477,0
896,5,0.34375,0.338843265095798,6.964894159162131e-10,0.0046011233211233,0
897,0,0.0,0.0,6.032809836281104e-10,0.0046011233211233,0
898,2,0.015625,0.0,3.03145792614657e-10,0.0039009523809523,0
899,0,0.0,0.0,3.721184309454112e-10,0.0056013675213675,0
900,5,0.4091796875,0.4554792609073427,5.010539488333959e-09,0.0076018559218559,0
901,2,0.0390625,0.0,6.713467048760661e-10,0.0049011965811965,0
902,3,0.6015625,0.28515625,4.305772007466146e-10,0.0054013186813186,0
903,3,0.689453125,0.138671875,6.282887645525008e-10,0.0047011477411477,0
904,5,0.3212890625,0.1818478950150007,7.578993853390028e-10,0.00430105006105,0
905,4,0.5638020833333334,0.4780366260465968,4.223337163870588e-10,0.0048011721611721,0
906,2,0.12890625,0.0,4.557386352730331e-10,0.0051012454212454,0
907,4,0.1484375,0.1445136532080677,5.420229777959288e-10,0.0056013675213675,0
908,5,0.337890625,0.3264641280513019,3.6227394839359694e-09,0.0075018315018315,0
909,6,0.32421875,0.5455228820533105,4.83470302294707e-10,0.0060014652014652,0
910,2,0.02734375,0.0,6.18731112870307e-10,0.0066016117216117,0
911,1,0.0,0.0,3.715180197380288e-10,0.0052012698412698,0
912,0,0.0,0.0,3.3254079135489385e-10,0.0048011721611721,0
913,0,0.0,0.0,4.110834926439894e-10,0.0057013919413919,0
914,1,0.0,0.0,3.1045699399637125e-10,0.0051012454212454,0
915,2,1.23828125,0.0,3.637879587513287e-10,0.0054013186813186,0
916,1,0.0,0.0,3.573183102615909e-10,0.0085020757020757,0
917,1,0.0,0.0,3.579467056587592e-10,0.0047011477411477,0
918,0,0.0,0.0,2.3427009990797765e-10,0.0046011233211233,0
919,0,0.0,0.0,3.406327943186917e-10,0.0067016361416361,0
920,2,0.01171875,0.0,2.6321091302919365e-10,0.0046011233211233,0
921,7,0.19921875,0.3932334781772465,5.628519486635328e-10,0.0058014163614163,0
922,2,0.03125,0.0,8.466377735279406e-10,0.0054013186813186,0
923,0,0.0,0.0,1.766277197653113e-10,0.00430105006105,0
924,1,0.0,0.0,2.369913403395546e-10,0.0066016117216117,0
925,0,0.0,0.0,2.015129993209205e-10,0.0058014163614163,0
926,8,0.1104910714285714,0.095904245798843,1.1166437822115475e-09,0.0067016361416361,0
927,2,0.33984375,0.0,3.729234866955219e-10,0.0061014896214896,0
928,0,0.0,0.0,2.466426729304476e-10,0.0066016117216117,0
929,2,0.68359375,0.0,3.8812166738134e-10,0.0042010256410256,0
930,0,0.0,0.0,2.9071988231929846e-10,0.0045010989010989,0
931,1,0.0,0.0,3.5236451349661047e-10,0.0051012454212454,0
932,1,0.0,0.0,3.5502286244187563e-10,0.0042010256410256,0
933,1,0.0,0.0,3.1344637320055127e-10,0.0049011965811965,0
934,2,0.5234375,0.0,7.136541345389788e-10,0.0055013431013431,0
935,1,0.0,0.0,4.0137717120460924e-10,0.0058014163614163,0
936,4,0.3229166666666667,0.2400428677174431,4.935412818425639e-10,0.0047011477411477,0
937,1,0.0,0.0,3.0203787132730585e-10,0.0053012942612942,0
938,1,0.0,0.0,3.8168004093484855e-10,0.0049011965811965,0
939,1,0.0,0.0,4.0749752659665656e-10,0.0059014407814407,0
940,1,0.0,0.0,5.105389251909398e-10,0.0049011965811965,0
941,2,0.4453125,0.0,5.39984938166314e-10,0.0054013186813186,0
942,1,0.0,0.0,4.4134852929638864e-10,0.0071017338217338,0
943,4,0.33203125,0.4420453062010442,7.426534091269094e-10,0.007401807081807,0
944,1,0.0,0.0,4.5259425488363204e-10,0.0051012454212454,0
945,3,0.06640625,0.05078125,5.143788827167947e-10,0.0052012698412698,0
946,1,0.0,0.0,2.41612996283326e-10,0.00430105006105,0
947,4,0.1002604166666666,0.0623642188272294,7.90147263122595e-10,0.00430105006105,0
948,3,0.01171875,0.00390625,7.107024888289194e-10,0.0049011965811965,0
949,2,1.62890625,0.0,1.1731218900761595e-09,0.0053012942612942,0
950,4,0.546875,0.5503886381410791,1.3004964411457656e-09,0.0057013919413919,0
951,3,0.34765625,0.07421875,4.6523143116549703e-10,0.006201514041514,0
952,7,0.259765625,0.4298457923395986,1.0248279886343643e-09,0.0063015384615384,0
953,3,0.119140625,0.052734375,8.51579036138617e-10,0.0054013186813186,0
954,8,0.2338169642857142,0.299873460305296,8.400025813730598e-10,0.0047011477411477,0
955,2,0.14453125,0.0,1.0888377529403167e-09,0.0042010256410256,0
956,4,0.0494791666666666,0.0296349132206798,5.840521344413286e-10,0.0057013919413919,0
957,4,0.1666666666666666,0.1477276521216961,9.753174094191146e-10,0.0087021245421245,0
958,6,0.3125,0.4185925543562618,2.918744304510101e-09,0.027406691086691,0
959,3,0.111328125,0.001953125,5.599976882600509e-09,0.0111027106227106,0
960,10,0.1597222222222222,0.1816062677001496,8.230314588579239e-09,0.0139033943833943,0
961,6,0.18125,0.2231915166958637,6.323663882329173e-10,0.0049011965811965,0
962,2,0.43359375,0.0,5.228239268532307e-10,0.0054013186813186,0
963,1,0.0,0.0,4.4767963120899245e-10,0.0048011721611721,0
964,1,0.0,0.0,4.082260461438575e-10,0.005001221001221,0
965,1,0.0,0.0,3.4843326274187083e-10,0.0055013431013431,0
966,2,0.1875,0.0,1.947324270492768e-09,0.0071017338217338,0
967,2,0.015625,0.0,3.503273147961792e-10,0.005001221001221,0
968,3,0.244140625,0.232421875,4.4655570722563615e-10,0.0053012942612942,0
969,2,1.21484375,0.0,3.756812038863321e-10,0.0060014652014652,0
970,2,0.01171875,0.0,6.113692484170962e-10,0.0051012454212454,0
971,0,0.0,0.0,5.303012030132564e-10,0.005001221001221,0
972,1,0.0,0.0,3.603893539390334e-10,0.0047011477411477,0
973,2,0.328125,0.0,4.339440948415308e-10,0.0045010989010989,0
974,1,0.0,0.0,3.6954844711827304e-10,0.005001221001221,0
975,5,0.0908203125,0.0914168914078135,4.403803658969065e-10,0.0052012698412698,0
976,0,0.0,0.0,4.0211760818588885e-10,0.0059014407814407,0
977,7,0.2552083333333333,0.2858658645846373,7.912915493558807e-10,0.0065015873015873,0
978,13,0.1292317708333333,0.1606909450691067,1.3745137090558336e-08,0.0398097191697191,0
979,4,0.3072916666666667,0.1934897585800013,3.775932340631573e-09,0.0194047374847374,0
980,2,0.046875,0.0,1.4589699959262684e-09,0.0076018559218559,0
981,0,0.0,0.0,5.772962258539181e-10,0.0051012454212454,0
982,18,0.0939797794117647,0.1086625842151534,1.539340297286869e-08,0.0461112576312576,0
983,10,0.1024305555555555,0.2033233688312433,1.5011610394760576e-08,0.0235057387057387,0
984,4,0.3359375,0.187038276984396,8.64364292362518e-08,0.1142278876678876,0
985,7,0.095703125,0.1128482655534034,3.368849527230078e-09,0.008101978021978,0
986,8,0.26171875,0.3097394813661382,1.836765092535754e-09,0.0060014652014651,0
987,4,0.44921875,0.4575817998081053,2.469470999520507e-09,0.0205050061050061,0
988,5,0.4111328125,0.5366679649258345,3.1417776454420797e-09,0.0136033211233211,0
989,5,0.400390625,0.2459464464899129,3.1741092346976044e-08,0.045010989010989,0
990,7,0.1725260416666666,0.2066183070546094,5.849492469537398e-09,0.0127031013431013,0
991,11,0.19296875,0.2228562698067691,3.0205312737836203e-09,0.0080019536019535,0
992,3,0.4375,0.26953125,1.3695683498854282e-09,0.0060014652014652,0
993,10,0.1653645833333333,0.2385763484613235,4.574411899320323e-09,0.0245059829059829,0
994,4,0.1927083333333333,0.1177215838780802,6.991026371306248e-10,0.0091022222222222,0
995,6,0.31328125,0.2428845814823884,1.818525072990789e-09,0.0057013919413919,0
996,3,0.013671875,0.001953125,8.195950196865947e-10,0.0053012942612942,0
997,8,0.1495535714285714,0.3028484036811898,1.1380771592825164e-09,0.0054013186813186,0
998,6,0.09140625,0.0698159550398402,6.726139414784102e-10,0.0075018315018315,0
999,4,0.0963541666666666,0.0815856781136486,5.073266496701135e-10,0.0060014652014652,0
1000,6,0.1046875,0.0825837051686045,7.278368612059661e-10,0.0052012698412698,0
1001,3,0.01953125,0.00390625,2.061024683507799e-09,0.0040009768009768,0
1002,5,0.2470703125,0.1946938444178429,5.765588802774013e-09,0.0148036141636141,0
1003,6,0.3015625,0.2573670393985018,6.534696821967883e-09,0.0153037362637362,0
1004,1,0.0,0.0,1.0993497771328011e-09,0.0060014652014652,0
1005,5,0.1455078125,0.2047220681389905,5.499237008179886e-10,0.0048011721611721,0
1006,8,0.2751116071428571,0.2372852899631752,7.687465969156673e-09,0.0605147741147741,0
1007,8,0.2315848214285714,0.2607275196158103,7.125902234318558e-08,0.0872212942612942,0
1008,4,0.1223958333333333,0.1175486333676288,8.1046484276581e-09,0.0163039804639804,0
1009,10,0.2144097222222222,0.2677891595091505,9.04127801645258e-10,0.0053012942612942,0
1010,13,0.1354166666666666,0.1003956069072981,1.0165063647798453e-07,0.1408343833943834,0
1011,9,0.19482421875,0.1997965493134296,1.2023194457489328e-09,0.0059014407814407,0
1012,13,0.1422526041666666,0.1273826700866354,9.533490226026855e-10,0.0045010989010989,0
1013,3,0.431640625,0.115234375,1.096842759916535e-09,0.0051012454212454,0
1014,7,0.1875,0.1030786275157019,1.5386595765271643e-08,0.0544132844932844,0
1015,7,0.291015625,0.1701611701060173,3.049898260846635e-08,0.0271066178266178,0
1016,3,0.720703125,0.064453125,5.965865378500596e-08,0.01810442002442,0
1017,7,0.2428385416666666,0.4806932099059608,2.6308029890676412e-09,0.0155037851037851,0
1018,7,0.291015625,0.2627927086719108,2.424593088985402e-08,0.0147035897435897,0
1019,12,0.1693892045454545,0.2099241278335303,3.1188374770759445e-08,0.2159527228327228,0
1020,28,0.05859375,0.0391636422073978,6.821958105641856e-08,0.2336570451770451,0
1021,3,0.302734375,0.275390625,7.110263170302088e-10,0.0158038583638583,0
1022,2,0.61328125,0.0,4.2507656357387357e-10,0.0039009523809523,0
1023,4,0.2942708333333333,0.1402749307845034,1.0327517079248418e-09,0.0051012454212454,0
1024,1,0.0,0.0,5.972555513206267e-10,0.0042010256410256,0
1025,1,0.0,0.0,8.602865526758038e-10,0.0044010744810744,0
1026,4,0.0481770833333333,0.0406366836831438,5.836102430439083e-10,0.0080019536019535,0
1027,10,0.1792534722222222,0.2344650032948664,1.3999498307705723e-09,0.0147035897435897,0
1028,5,0.224609375,0.3416852496296161,2.0121358980462114e-09,0.0154037606837606,0
1029,4,0.5052083333333334,0.6978996616398476,7.315175267112653e-10,0.0046011233211233,0
1030,3,0.73046875,0.61328125,8.162957819551225e-10,0.0042010256410256,0
1031,1,0.0,0.0,3.527343004578009e-10,0.005001221001221,0
1032,1,0.0,0.0,2.1295707179979155e-10,0.0044010744810744,0
1033,1,0.0,0.0,5.650119952374987e-10,0.0065015873015873,0
1034,0,0.0,0.0,3.043715645363997e-10,0.0039009523809523,0
1035,1,0.0,0.0,2.824994297521769e-10,0.0037009035409035,0
1036,0,0.0,0.0,1.864334030442661e-10,0.0037009035409035,0
1037,1,0.0,0.0,3.97367877096872e-10,0.0056013675213675,0
1038,4,0.1575520833333333,0.1543284623961359,6.453160005715521e-10,0.0144035164835164,0
1039,5,0.4404296875,0.6654304327483352,4.351718462080756e-10,0.00430105006105,0
1040,0,0.0,0.0,3.2330598892526544e-10,0.0045010989010989,0
1041,5,0.134765625,0.1345389851507384,7.80345117686292e-10,0.0049011965811965,0
1042,0,0.0,0.0,1.9929832496224438e-10,0.0035008547008547,0
1043,0,0.0,0.0,3.0465842563055236e-10,0.0042010256410256,0
1044,4,0.2421875,0.2107927744255006,8.482225319450593e-10,0.0052012698412698,0
1045,8,0.2555803571428571,0.2692023512733915,9.635631948031788e-10,0.005001221001221,0
1046,0,0.0,0.0,3.294597566933304e-10,0.0041010012210012,0
1047,1,0.0,0.0,3.7504930034691934e-10,0.0048011721611721,0
1048,1,0.0,0.0,3.462607023962335e-10,0.0047011477411477,0
1049,0,0.0,0.0,2.2024608755950327e-10,0.0044010744810744,0
1050,0,0.0,0.0,4.4492647099246223e-10,0.00430105006105,0
1051,6,0.253125,0.440187060733843,6.216304223859167e-10,0.0052012698412698,0
1052,5,0.3828125,0.2951739919892587,1.1483305569858338e-09,0.0050012210012209,0
1053,0,0.0,0.0,4.7154928727874e-10,0.0049011965811965,0
1054,2,1.0234375,0.0,3.624340435481117e-10,0.00430105006105,0
1055,0,0.0,0.0,2.6904001050206407e-10,0.0037009035409035,0
1056,0,0.0,0.0,5.472697056030388e-10,0.0059014407814407,0
1057,4,0.3736979166666667,0.2014739927342084,5.337229444429535e-10,0.0046011233211233,0
1058,4,0.1536458333333333,0.1457868229404,8.670999967760496e-10,0.0049011965811965,0
1059,1,0.0,0.0,6.362464791622872e-10,0.0051012454212454,0
1060,5,0.3681640625,0.4862565443682151,1.1999589173481686e-09,0.0055013431013431,0
1061,7,0.1783854166666666,0.0842539480147748,1.7380093089928823e-09,0.007401807081807,0
1062,7,0.099609375,0.1809954379298889,7.31444871943956e-10,0.0087021245421245,0
1063,2,0.43359375,0.0,1.0309179046029432e-09,0.007401807081807,0
1064,1,0.0,0.0,3.603420219720585e-10,0.0047011477411477,0
1065,7,0.1790364583333333,0.13496676314509,7.450707107300513e-10,0.0051012454212454,0
1066,4,0.46875,0.3374933689549199,1.055331553917863e-09,0.0051012454212454,0
1067,9,0.2470703125,0.3309768990468016,1.668134509138687e-09,0.0055013431013431,0
1068,7,0.2662760416666667,0.3406242285047965,1.1125670684118484e-08,0.0097023687423687,0
1069,6,0.23515625,0.3543242220013684,2.1559110365293116e-08,0.0433105738705738,0
1070,8,0.17578125,0.2524641395150436,6.087509212425793e-08,0.0359087667887667,0
1071,5,0.443359375,0.3791125807421235,9.209982355861478e-09,0.020004884004884,0
1072,12,0.1665482954545454,0.1113393102344655,1.4193437220350278e-08,0.0659160927960928,0
1073,5,0.298828125,0.4816938459038485,9.101041339379823e-10,0.0054013186813186,0
1074,5,0.302734375,0.2899387584345669,5.217577957862411e-10,0.0064015628815628,0
1075,3,0.04296875,0.00390625,4.5789756371401286e-10,0.0053012942612942,0
1076,4,0.3723958333333333,0.1835614259369704,1.4813271459348035e-09,0.0047011477411477,0
1077,3,0.865234375,0.802734375,9.447063764142518e-10,0.0065015873015873,0
1078,1,0.0,0.0,1.3019811452961635e-09,0.0058014163614163,0
1079,2,0.15625,0.0,3.916322648594283e-10,0.0054013186813186,0
1080,1,0.0,0.0,3.252877136705548e-10,0.0037009035409035,0
1081,0,0.0,0.0,4.5149512491688535e-10,0.0056013675213675,0
1082,0,0.0,0.0,3.978197053188468e-10,0.0047011477411477,0
1083,4,0.0872395833333333,0.0362718444718336,1.07815440165629e-09,0.0060014652014652,0
1084,2,1.01953125,0.0,7.281143334771995e-10,0.0057013919413919,0
1085,4,0.0833333333333333,0.0904549710049917,4.343308844124435e-10,0.0046011233211233,0
1086,1,0.0,0.0,3.9105514051856765e-10,0.0044010744810744,0
1087,1,0.0,0.0,2.7590328140351026e-10,0.0042010256410256,0
1088,1,0.0,0.0,3.4925069948536056e-10,0.0042010256410256,0
1089,1,0.0,0.0,3.8811053555215637e-10,0.0064015628815628,0
1090,1,0.0,0.0,3.4975794051457967e-10,0.00430105006105,0
1091,0,0.0,0.0,2.714507937393125e-10,0.0063015384615384,0
1092,1,0.0,0.0,4.115126553785551e-10,0.005001221001221,0
1093,1,0.0,0.0,5.28255369647311e-10,0.0051012454212454,0
1094,0,0.0,0.0,3.707020738385207e-10,0.0046011233211233,0
1095,7,0.1334635416666666,0.1125473864562553,1.322315362699978e-09,0.0058014163614163,0
1096,1,0.0,0.0,7.268326799476639e-10,0.0053012942612942,0
1097,3,0.8359375,0.1640625,6.532833229719676e-10,0.0060014652014652,0
1098,4,0.04296875,0.041462717000236,3.6349094302963347e-10,0.0052012698412698,0
1099,0,0.0,0.0,3.291998193097094e-10,0.0049011965811965,0
1100,1,0.0,0.0,4.75353777276854e-10,0.0054013186813186,0
1101,0,0.0,0.0,4.016904586730593e-10,0.0044010744810744,0
1102,5,0.359375,0.3679243769689211,6.20599324405414e-10,0.0046011233211233,0
1103,3,0.236328125,0.064453125,7.211517626993817e-09,0.0060014652014652,0
1104,8,0.2438616071428571,0.305586593709186,3.271041315794206e-08,0.0388094749694749,0
1105,1,0.0,0.0,8.515746946378812e-10,0.0047011477411477,0
1106,4,0.3151041666666667,0.2520733791939638,9.359354611543827e-10,0.0049011965811965,0
1107,4,0.3515625,0.2482236697705821,1.314526899647378e-09,0.0057013919413919,0
1108,7,0.119140625,0.0861665390082569,1.0780602344762142e-09,0.0073017826617826,0
1109,8,0.2589285714285714,0.2506071231346314,3.182592598183257e-09,0.011202735042735,0
1110,6,0.378125,0.3335983240318736,2.7514455403778317e-09,0.0110026862026861,0
1111,4,0.3541666666666667,0.0384500600526911,1.90035287345269e-09,0.0144035164835164,0
1112,2,0.27734375,0.0,4.929817535372135e-10,0.005001221001221,0
1113,2,0.05078125,0.0,6.65615970493775e-10,0.0044010744810744,0
1114,4,0.390625,0.129594909216341,1.3970324837898667e-09,0.0049011965811965,0
1115,2,0.16796875,0.0,6.744858585761171e-10,0.005501343101343,0
1116,12,0.1193181818181818,0.1636931349791671,2.1065655163966743e-08,0.0757184859584859,0
1117,18,0.0758272058823529,0.1015895292752623,7.309968466262108e-08,0.1166284737484737,0
1118,3,0.625,0.1015625,5.948734964780208e-08,0.0767187301587301,0
1119,10,0.2044270833333333,0.1556302814532195,2.01721506989822e-08,0.0320078144078144,0
1120,10,0.1176215277777777,0.1289581183059297,7.421590365271683e-09,0.0388094749694749,0
1121,3,0.154296875,0.142578125,5.653225538208654e-09,0.0242059096459096,0
1122,2,0.3046875,0.0,7.54343201229648e-09,0.0140034188034187,0
1123,5,0.330078125,0.1458057195768675,5.5757607737238e-08,0.1053257142857142,0
1124,13,0.1481119791666666,0.159754468823171,7.722432189369147e-08,0.0997243467643467,0
1125,6,0.1171875,0.070008021303812,1.4950641455132213e-07,0.10002442002442,0
1126,2,0.26953125,0.0,3.1846242126247277e-09,0.0087021245421245,0
1127,10,0.0811631944444444,0.1137334988582457,9.005058060918864e-10,0.0077018803418803,0
1128,3,0.0859375,0.0234375,7.754958896499645e-10,0.0041010012210012,0
1129,1,0.0,0.0,4.15148525681092e-10,0.00430105006105,0
1130,8,0.2321428571428571,0.2008897569205228,7.821451506549091e-09,0.0263064224664224,0
1131,2,0.01953125,0.0,6.021831587322085e-10,0.006201514041514,0
1132,1,0.0,0.0,4.3210303064355256e-10,0.00430105006105,0
1133,1,0.0,0.0,3.9189126173014674e-10,0.0046011233211233,0
1134,2,0.3671875,0.0,5.74277466540802e-10,0.0057013919413919,0
1135,2,0.75,0.0,4.5108947873199244e-09,0.0144035164835164,0
1136,2,0.0390625,0.0,1.1515158808428036e-09,0.0059014407814407,0
1137,0,0.0,0.0,4.260085646890248e-10,0.0056013675213675,0
1138,3,0.4609375,0.0,1.125103319564457e-09,0.0053012942612942,0
1139,4,0.1927083333333333,0.1742652606700167,1.1702935121218655e-09,0.0059014407814407,0
1140,8,0.1930803571428571,0.268050060736025,5.366332972688854e-10,0.0053012942612942,0
1141,2,0.02734375,0.0,3.25366905439307e-10,0.0038009279609279,0
1142,8,0.22265625,0.2745751207425821,4.7036891435157235e-08,0.143134945054945,0
1143,7,0.09765625,0.0469292221118231,1.0090027217569856e-08,0.014303492063492,0
1144,3,0.2890625,0.23046875,1.5422129929661983e-08,0.010002442002442,0
1145,0,0.0,0.0,8.43013960775522e-09,0.0154037606837606,0
1146,9,0.14111328125,0.1031545423327632,4.635300574179923e-09,0.0166040537240537,0
1147,16,0.1080729166666666,0.1083909101803385,2.8760544715605663e-08,0.1038253479853479,0
1148,1,0.0,0.0,2.962242438066613e-09,0.0060014652014652,0
1149,1,0.0,0.0,9.471832407286276e-10,0.0053012942612942,0
1150,6,0.1671875,0.1102199505534275,8.469470025230671e-10,0.0046011233211233,0
1151,5,0.2578125,0.1885145080002133,1.5708086389004427e-09,0.0053012942612942,0
1152,6,0.3078125,0.5650301170761829,9.60076034440732e-10,0.0047011477411477,0
1153,3,0.2109375,0.1796875,1.011373490334113e-09,0.0066016117216117,0
1154,6,0.1046875,0.1105517059456795,3.297067121336809e-08,0.0901220024420024,0
1155,21,0.05703125,0.0937044160011949,4.1622299242367056e-08,0.228855873015873,0
1156,19,0.0881076388888889,0.0815152236483409,9.9750316668656e-08,0.1780434676434676,0
1157,12,0.1026278409090909,0.0866142469780305,8.819873861088375e-09,0.1528373137973138,0
1158,10,0.1592881944444444,0.1229042214548689,2.2244016352089262e-09,0.0205050061050061,0
1159,7,0.1490885416666666,0.2236411043616822,1.976053914881753e-09,0.0267065201465201,0
1160,16,0.10625,0.1162479698523447,1.8580420874107915e-08,0.0455111111111111,0
1161,17,0.109375,0.1468355166344726,4.3634318374717295e-09,0.0567138461538461,0
1162,13,0.1337890625,0.1574508299596431,4.751017783346079e-08,0.1501366544566544,0
1163,6,0.371875,0.2492713992193047,5.0059775496017766e-08,0.0636155311355311,0
1164,15,0.1275111607142857,0.1363484073927566,2.9171203639760477e-08,0.0746182173382173,0
1165,14,0.0847355769230769,0.0596634058490101,2.460535205302261e-08,0.0817199511599511,0
1166,14,0.1505408653846154,0.1324816951392435,4.020058197366032e-08,0.1779434432234432,0
1167,12,0.1708096590909091,0.3239088011768982,5.439906030007333e-10,0.0154037606837606,0
1168,0,0.0,0.0,4.797984345159826e-10,0.0083020268620268,0
1169,0,0.0,0.0,2.8023858116005545e-10,0.00430105006105,0
1170,22,0.0794270833333333,0.0920238323842606,2.4119072273297605e-08,0.0976238339438339,0
1171,22,0.0656622023809523,0.0648912334170848,1.9271204081772416e-09,0.0237057875457875,0
1172,4,0.0390625,0.031412338754726,6.197502538161879e-10,0.0102024908424908,0
1173,12,0.0941051136363636,0.1343127844030731,7.021510068356594e-08,0.097423785103785,0
1174,5,0.33984375,0.5235832353092247,9.692022674968245e-09,0.0535130647130647,0
1175,15,0.1275111607142857,0.1666437509573622,3.5770130081262174e-08,0.0859209768009767,0
1176,5,0.240234375,0.1730803790929322,6.20450227777666e-10,0.0057013919413919,0
1177,3,0.388671875,0.220703125,4.1304973720497123e-08,0.1065260073260073,0
1178,1,0.0,0.0,7.567058139001818e-10,0.019304713064713,0
1179,0,0.0,0.0,4.5620397892747936e-10,0.00430105006105,0
1180,0,0.0,0.0,4.230699696874147e-10,0.0048011721611721,0
1181,2,0.98046875,0.0,2.8696605702329143e-09,0.0409099877899877,0
1182,13,0.1370442708333333,0.1221961157304049,1.1469465334313374e-08,0.0671163858363858,0
1183,6,0.184375,0.1111024302164448,6.125406010801071e-08,0.1291315262515262,0
1184,10,0.1202256944444444,0.1158602175577906,6.2223792057640504e-09,0.0090021978021978,0
1185,2,0.0078125,0.0,1.575853694535013e-09,0.00430105006105,0
1186,7,0.2682291666666667,0.3581391984108526,9.027989658155063e-10,0.0041010012210012,0
1187,0,0.0,0.0,4.033686272010447e-10,0.0048011721611721,0
1188,1,0.0,0.0,1.2649540945843601e-09,0.0056013675213675,0
1189,5,0.146484375,0.1296880882893283,9.138724070845465e-09,0.1053257142857142,0
1190,14,0.1451322115384615,0.1417460503207315,1.9833007490745584e-09,0.0273066666666666,0
1191,4,0.4361979166666667,0.1804313558540954,5.145114556393317e-08,0.095023199023199,0
1192,0,0.0,0.0,4.988908819027007e-09,0.0091022222222222,0
1193,5,0.0693359375,0.0509593481470693,1.5564839041029515e-09,0.0055013431013431,0
1194,13,0.1438802083333333,0.1469206466265546,3.512445895757766e-09,0.0069016849816849,0
1195,4,0.34375,0.2212698981753769,5.316804438703762e-09,0.0087021245421245,0
1196,8,0.1919642857142857,0.3499618109062664,7.070579428044228e-09,0.025006105006105,0
1197,8,0.2522321428571428,0.1678175859307966,7.873933376546843e-08,0.0536130891330891,0
1198,9,0.22607421875,0.2756428746938814,8.085314705983203e-08,0.0546133333333333,0
1199,10,0.1892361111111111,0.2583059717999478,5.120619760556945e-08,0.1240302808302808,0
1200,5,0.166015625,0.1550859963367603,1.989817844722263e-08,0.1104269597069597,0
1201,0,0.0,0.0,8.06476226256446e-10,0.0048011721611721,0
1202,0,0.0,0.0,5.284084181763324e-10,0.00430105006105,0
1203,2,0.01171875,0.0,4.007416477096536e-10,0.00430105006105,0
1204,0,0.0,0.0,3.4071343907796506e-10,0.0051012454212454,0
1205,9,0.173828125,0.1644109023885543,2.2788009806911477e-09,0.0072017582417582,0
1206,12,0.1676136363636363,0.2310575739912212,9.51277242727849e-10,0.0045010989010989,0
1207,7,0.2845052083333333,0.4629602107213476,1.0651383577757205e-08,0.083120293040293,0
1208,18,0.09375,0.1149136004563991,5.220385164667445e-09,0.0276067399267399,0
1209,6,0.32421875,0.2563166833967309,1.7272252919049222e-08,0.0218053235653235,0
1210,5,0.0625,0.0546875,1.4821201631197623e-09,0.0059014407814407,0
1211,6,0.20703125,0.1101811806894671,2.2205905362877944e-08,0.0304074236874236,0
1212,1,0.0,0.0,5.157635780246243e-10,0.0042010256410256,0
1213,2,1.60546875,0.0,6.451604385727552e-10,0.0123030036630036,0
1214,4,0.3307291666666667,0.2567911693265506,1.073579179096578e-09,0.0047011477411477,0
1215,5,0.134765625,0.0925006268454267,7.267083575362534e-10,0.0048011721611721,0
1216,1,0.0,0.0,2.240264863341786e-09,0.0104025396825396,0
1217,26,0.07484375,0.1060008567919382,6.381916274714467e-08,0.1642400976800976,0
1218,15,0.1236049107142857,0.134804901293784,3.822612823345424e-09,0.0159038827838827,0
1219,13,0.1223958333333333,0.0764190922376086,2.4366166525199544e-08,0.0685167277167277,0
1220,3,0.15234375,0.09375,4.7481996409674976e-08,0.0987241025641025,0
1221,0,0.0,0.0,1.122935283580888e-09,0.0047011477411477,0
1222,1,0.0,0.0,1.258008252473683e-09,0.0091022222222222,0
1223,5,0.4287109375,0.3500114983985961,1.309732264454105e-09,0.0047011477411477,0
1224,2,0.2734375,0.0,1.153760043047188e-09,0.0048011721611721,0
1225,0,0.0,0.0,2.55144333614171e-10,0.0072017582417582,0
1226,2,0.78515625,0.0,2.5554405643133317e-09,0.0102024908424908,0
1227,4,0.3255208333333333,0.2986230971027925,7.622949151924082e-10,0.0105025641025641,0
1228,11,0.125,0.1310545419615436,1.4802220159033915e-09,0.0157038339438339,0
1229,10,0.1401909722222222,0.1292207921245027,4.0976261891111355e-09,0.0311075946275946,0
1230,2,0.01171875,0.0,2.9751960832546903e-09,0.0058014163614163,0
1231,12,0.0799005681818181,0.0936961794547754,2.875974357390337e-09,0.0052012698412698,0
1232,0,0.0,0.0,2.461950470249463e-10,0.0051012454212454,0
1233,1,0.0,0.0,7.01900341552356e-10,0.0045010989010989,0
1234,1,0.0,0.0,5.50282528328831e-10,0.0047011477411477,0
1235,3,0.716796875,0.322265625,4.344256613011191e-08,0.0779190231990231,0
1236,28,0.0646701388888889,0.0706599355033636,4.2701358745887136e-08,0.1328324297924298,0
1237,22,0.0844494047619047,0.0899647880213312,2.8430707172059047e-08,0.0665162393162393,0
1238,18,0.1073069852941176,0.1478505085891974,9.168297425424256e-08,0.1047255677655677,0
1239,14,0.1385216346153846,0.1732599317904597,9.871725845718518e-09,0.0898219291819291,0
1240,22,0.0840773809523809,0.0824387470003024,1.2986260808152978e-08,0.0874213431013431,0
1241,8,0.2784598214285714,0.6422484407377741,2.201899430041028e-08,0.093122735042735,0
1242,23,0.0696022727272727,0.0762345528444388,2.287075183425057e-09,0.0309075457875457,0
1243,18,0.1027113970588235,0.131949814351954,4.714328333205679e-09,0.0566138217338217,0
1244,10,0.1909722222222222,0.1822864995960816,1.7528859215037097e-08,0.0479116971916971,0
1245,10,0.1827256944444444,0.2312199223954082,9.866565175133171e-09,0.0363088644688644,0
1246,4,0.1419270833333333,0.1055089301035567,1.4317781967049364e-09,0.0075018315018315,0
1247,21,0.0953125,0.090709147356055,6.066685287657414e-09,0.0453110622710622,0
1248,23,0.0799005681818181,0.1069234126777407,1.5403004607360148e-08,0.0940229548229548,0
1249,3,0.09765625,0.0546875,5.0735492799875806e-08,0.1563381684981685,0
1250,13,0.0777994791666666,0.0820538524995334,3.8178240437913056e-09,0.0096023443223443,0
1251,22,0.064360119047619,0.0746396960602199,1.189834852107345e-09,0.0397096947496947,0
1252,20,0.0746299342105263,0.0826204048501991,4.0987101584757825e-09,0.0178043467643467,0
1253,14,0.09375,0.0953760231256242,8.381042278844476e-09,0.078119072039072,0
1254,10,0.0768229166666666,0.1136174966581951,3.4038959829767973e-09,0.0135032967032967,0
1255,1,0.0,0.0,6.997477864111621e-09,0.0478116727716727,0
1256,9,0.18701171875,0.2819438429034184,5.311603453018288e-09,0.0665162393162393,0
1257,19,0.09375,0.0594269463918959,8.769333119746639e-09,0.0434105982905983,0
1258,20,0.1032072368421052,0.1091200313924169,4.140312457604124e-08,0.2013491575091575,0
1259,21,0.09765625,0.1401957424154037,2.425383839213967e-08,0.0905221001221001,0
1260,5,0.41796875,0.6049455905124599,1.9717268002080843e-09,0.0167040781440781,0
1261,6,0.17578125,0.1313569133006519,2.1342040211602933e-09,0.0102024908424908,0
1262,4,0.4700520833333333,0.5123627600375186,1.3819359460513876e-09,0.0205050061050061,0
1263,6,0.1765625,0.1410886453949253,2.90665011591079e-08,0.0521127228327228,0
1264,9,0.21337890625,0.1908167890459629,4.250366400008255e-08,0.0520126984126984,0
1265,1,0.0,0.0,4.1475208697192436e-10,0.0047011477411477,0
1266,4,0.3658854166666667,0.4600575699463389,1.0137810071089032e-09,0.0091022222222222,0
1267,5,0.4736328125,0.2803448841861671,4.9709458203070834e-08,0.0582142124542124,0
1268,14,0.13671875,0.1309882491839586,2.489137708419988e-09,0.0273066666666666,0
1269,18,0.0967371323529411,0.1240161868376498,5.367214216390041e-09,0.0765186813186813,0
1270,9,0.24267578125,0.1921465822406749,7.109747859497459e-09,0.0505123321123321,0
1271,5,0.3037109375,0.2146905526245402,1.0009020673382078e-07,0.0745181929181929,0
1272,8,0.2667410714285714,0.281038442612544,1.0221556778362097e-07,0.0718175335775335,0
1273,10,0.1883680555555555,0.1574258897356669,8.316461046145254e-08,0.0682166544566544,0
1274,19,0.1041666666666666,0.1107077163489582,3.966377643266379e-08,0.1456355555555555,0
1275,6,0.3640625,0.2992136504134629,6.739135751629028e-08,0.0653159462759462,0
1276,11,0.176953125,0.1730609827770708,3.642060729750891e-08,0.0522127472527472,0
1277,5,0.25,0.0842338228626868,6.978590319777647e-09,0.0113027594627594,0
1278,2,0.09765625,0.0,1.6463306037610641e-09,0.0051012454212454,0
1279,6,0.3875,0.2818180028293969,7.750291826885804e-10,0.0055013431013431,0
1280,2,0.98046875,0.0,4.423518952493884e-10,0.0052012698412698,0
1281,3,0.28125,0.1875,1.4167919627855523e-09,0.0053012942612942,0
1282,1,0.0,0.0,5.354987003567588e-10,0.0038009279609279,0
1283,7,0.083984375,0.1178097628301617,1.208762495485538e-09,0.0047011477411477,0
1284,9,0.07861328125,0.066791092471746,7.070351541010884e-08,0.2024494261294261,0
1285,12,0.1100852272727272,0.0805865439591368,4.594046303144861e-08,0.1817443711843712,0
1286,5,0.2958984375,0.2856023773650054,2.6201737134901623e-09,0.0095023199023199,0
1287,4,0.44921875,0.2978158064262065,1.2368167811448488e-09,0.0056013675213675,0
1288,12,0.1640625,0.2463613489167016,3.7933471040146e-08,0.1772432722832722,0
1289,11,0.121875,0.1411535207008666,3.7179419079947075e-08,0.1587387545787545,0
1290,13,0.1165364583333333,0.1630349247603815,4.0906334593748745e-08,0.120029304029304,0
1291,6,0.37421875,0.3008816796620392,2.824592447048948e-08,0.0453110622710622,0
1292,13,0.1409505208333333,0.2049414123511242,3.181444857909057e-08,0.0880214896214896,0
1293,7,0.2513020833333333,0.2948435383912566,1.8710214181518263e-08,0.0551134554334554,0
1294,14,0.1102764423076923,0.1265134661936365,2.231342159781949e-09,0.0075018315018315,0
1295,4,0.3307291666666667,0.3041584170542228,1.4191302840169595e-09,0.008101978021978,0
1296,4,0.18359375,0.1106694237545613,1.2393763182322018e-08,0.0354086446886446,0
1297,9,0.22265625,0.2717582364207201,7.180159956785557e-08,0.063115409035409,0
1298,30,0.0575161637931034,0.0370848596388367,1.31981421758621e-07,0.2125518925518926,0
1299,14,0.1126802884615384,0.1514578078911445,5.3503012490197696e-08,0.2446597313797313,0
1300,19,0.0998263888888889,0.0628951029049571,1.018537393698165e-07,0.1725421245421245,0
1301,30,0.0638469827586206,0.0482716224951062,1.2713926121785553e-07,0.2227543833943834,0
1302,30,0.0619612068965517,0.0745810134215341,1.9766474459606323e-08,0.1782435164835164,0
1303,23,0.0900213068181818,0.1872241300066418,2.3166237316994242e-08,0.168841221001221,0
1304,20,0.0968338815789473,0.1410331872092189,4.5667823484724824e-08,0.1815443223443223,0
1305,5,0.3173828125,0.4199479915570415,4.627540285749134e-09,0.0155037851037851,0
1306,9,0.2119140625,0.3254210459031487,6.752713097861048e-09,0.0136033211233211,0
1307,10,0.1957465277777778,0.3259395455234513,2.4624392201544212e-09,0.0122029792429792,0
1308,14,0.1403245192307692,0.140495245446806,1.2058181712170951e-08,0.0651158974358974,0
1309,4,0.5638020833333334,0.6140009820400784,9.408174879330156e-09,0.0320078144078144,0
1310,13,0.1106770833333333,0.1229107354236336,8.420040150059037e-08,0.1882459584859585,0
1311,16,0.1171875,0.1921091473073748,3.479165133310336e-09,0.0745181929181929,0
1312,17,0.098876953125,0.1460522189751734,3.8068496090052e-08,0.1867455921855921,0
1313,14,0.1129807692307692,0.1533647488005267,2.263175370959253e-09,0.010002442002442,0
1314,7,0.1009114583333333,0.1519830242292304,4.7279829732339456e-09,0.0145035409035409,0
1315,0,0.0,0.0,3.3117162813720157e-09,0.0261063736263736,0
1316,12,0.1672585227272727,0.1528829162976916,9.029258820799713e-08,0.2297560927960927,0
1317,6,0.18046875,0.0872904857716463,2.334321298635057e-08,0.0321078388278388,0
1318,4,0.08203125,0.054501170667855,4.218204774479098e-09,0.0166040537240537,0
1319,2,1.12109375,0.0,1.451510392091035e-09,0.0054013186813186,0
1320,23,0.0687144886363636,0.0501719772279034,3.4355449845399484e-08,0.181244249084249,0
1321,16,0.0674479166666666,0.1003581098716685,8.011253816910011e-09,0.0176042979242979,0
1322,22,0.0861235119047619,0.1287594774006132,9.9451942145167e-08,0.2529617582417582,0
1323,9,0.21728515625,0.246874826165633,2.4013977029215693e-09,0.0315076923076923,0
1324,20,0.0997121710526315,0.1182134939767779,5.818387658756248e-08,0.2129519902319902,0
1325,13,0.1383463541666666,0.120940956331379,7.890770198827804e-08,0.0789192673992673,0
1326,5,0.1279296875,0.0682965671285385,2.9665013553052986e-08,0.0402098168498168,0
1327,35,0.0533088235294117,0.0505587812227135,1.4555906988829664e-08,0.1085264957264957,0
1328,19,0.060546875,0.040243644428452,8.840673719616599e-08,0.3231789010989011,0
1329,11,0.194921875,0.3889630661717165,2.8052229537956705e-08,0.0737179975579975,0
1330,1,0.0,0.0,3.3117400026797914e-09,0.0070017094017094,0
1331,5,0.314453125,0.3099813049585864,1.1141780030792448e-08,0.0080019536019536,0
1332,13,0.150390625,0.2196288845389606,1.089764231730592e-07,0.2335570207570207,0
1333,2,1.296875,0.0,1.7897009422879383e-09,0.0113027594627594,0
1334,2,0.01171875,0.0,3.514032715732578e-09,0.0075018315018315,0
1335,7,0.271484375,0.3460707496824996,2.9086443233879132e-09,0.0115028083028083,0
1336,15,0.1121651785714285,0.1385749989472381,1.8931133158597094e-09,0.0064015628815628,0
1337,3,0.408203125,0.275390625,4.0399656134506186e-08,0.0226055189255189,0
1338,5,0.2255859375,0.2427126206004345,2.2590256416778844e-09,0.006201514041514,0
1339,11,0.160546875,0.2333208716561607,1.8540613548454662e-09,0.0230056166056166,0
1340,3,0.8125,0.55859375,6.298222321130401e-10,0.005001221001221,0
1341,2,1.109375,0.0,9.044836101970371e-10,0.00430105006105,0
1342,11,0.133984375,0.1723099078570444,3.5660972382255e-09,0.0637155555555555,0
1343,8,0.2399553571428571,0.2222874171667754,3.50754735945441e-08,0.1147280097680097,0
1344,10,0.1996527777777778,0.295279914223809,3.685736156803149e-08,0.1222298412698412,0
1345,9,0.22314453125,0.2169238569211281,1.0708685263361316e-08,0.0176042979242979,0
1346,6,0.209375,0.3017344878728234,4.239578478190256e-09,0.012403028083028,0
1347,1,0.0,0.0,5.510905098602557e-10,0.0052012698412698,0
1348,5,0.2919921875,0.2882878000399175,1.014951217721364e-09,0.0046011233211233,0
1349,3,0.046875,0.0078125,5.7390873015873e-10,0.0056013675213675,0
1350,2,0.59375,0.0,5.254247204853888e-10,0.0069016849816849,0
1351,4,0.0494791666666666,0.0319475107978783,1.0446501599489235e-09,0.00430105006105,0
1352,3,0.087890625,0.009765625,8.294570219264014e-10,0.0057013919413919,0
1353,1,0.0,0.0,3.8279723457293275e-10,0.005001221001221,0
1354,17,0.114990234375,0.1149191991311677,7.611248119673028e-08,0.1923469597069597,0
1355,19,0.0896267361111111,0.0916325566699106,1.1964045350868265e-07,0.213152039072039,0
1356,18,0.0891544117647058,0.0624027749947362,9.003343354076099e-08,0.1764430769230769,0
1357,18,0.1164981617647058,0.1482089674480154,6.7548107299023045e-09,0.0315076923076923,0
1358,12,0.1729403409090909,0.1941663165868395,1.623427424573544e-09,0.0160039072039072,0
1359,9,0.1923828125,0.2818444645279708,6.184267477536707e-10,0.0083020268620268,0
1360,1,0.0,0.0,1.4695440834878216e-09,0.0280068376068376,0
1361,3,0.76171875,0.3828125,3.42065289811684e-10,0.0184044932844932,0
1362,2,0.08984375,0.0,5.021847474128267e-10,0.0061014896214896,0
1363,2,0.93359375,0.0,2.777217872684905e-10,0.0066016117216117,0
1364,3,0.021484375,0.001953125,6.19027971936912e-10,0.0055013431013431,0
1365,12,0.1732954545454545,0.2185994861095291,3.568097098796646e-08,0.2418590476190475,0
1366,5,0.126953125,0.1237270387868113,7.463541379620964e-08,0.2047499877899878,0
1367,1,0.0,0.0,7.11568179999098e-10,0.0226055189255189,0
1368,7,0.1627604166666666,0.1818913014124477,8.527805335097002e-10,0.0751183394383394,0
1369,3,0.806640625,0.482421875,5.815018687729311e-10,0.010002442002442,0
1370,1,0.0,0.0,7.882842718708676e-10,0.0070017094017094,0
1371,2,0.01171875,0.0,4.942001323869453e-10,0.005001221001221,0
1372,0,0.0,0.0,3.0168858521794635e-10,0.0038009279609279,0
1373,2,0.0078125,0.0,3.741771566176328e-10,0.0096023443223443,0
1374,0,0.0,0.0,7.969758229831488e-10,0.0087021245421245,0
1375,3,0.19140625,0.1640625,3.0711610522879975e-10,0.0048011721611721,0
1376,11,0.12890625,0.2113999560223464,1.2399921933352564e-08,0.0247060317460317,0
1377,5,0.1044921875,0.1014262532635126,1.096240799629078e-09,0.0065015873015873,0
1378,0,0.0,0.0,3.7298681961141895e-10,0.0153037362637362,0
1379,5,0.208984375,0.1708621613284466,9.369449069554952e-10,0.0085020757020757,0
1380,0,0.0,0.0,8.157290277153485e-10,0.0105025641025641,0
1381,1,0.0,0.0,2.7613697760360987e-10,0.0110026862026862,0
1382,2,1.625,0.0,4.5603771255242175e-10,0.0091022222222222,0
1383,3,0.55078125,0.5234375,5.154867731390168e-10,0.006201514041514,0
1384,3,0.146484375,0.130859375,4.816259419338631e-10,0.0055013431013431,0
1385,3,0.125,0.08984375,1.447400750789029e-09,0.0192046886446886,0
1386,6,0.078125,0.0608673474399451,7.165338231501234e-10,0.008101978021978,0
1387,2,0.0390625,0.0,7.581898669710596e-10,0.0059014407814407,0
1388,0,0.0,0.0,4.701371645181742e-10,0.0258063003663003,0
1389,2,0.0859375,0.0,8.090187837955694e-10,0.0048011721611721,0
1390,2,1.4609375,0.0,4.3040295777389405e-10,0.0071017338217338,0
1391,4,0.0299479166666666,0.016053161466065,7.287383937796023e-10,0.0052012698412698,0
1392,3,0.91796875,0.90625,1.01629322655536e-09,0.0086021001221001,0
1393,6,0.1703125,0.3035797169299195,4.2266749946609134e-10,0.0119029059829059,0
1394,2,0.51953125,0.0,5.120632007665547e-10,0.0222054212454212,0
1395,2,0.18359375,0.0,4.700900078418393e-10,0.0059014407814407,0
1396,3,0.80078125,0.7890625,7.597275985783311e-10,0.0049011965811965,0
1397,2,0.01171875,0.0,5.721637479435668e-10,0.0045010989010989,0
1398,8,0.2047991071428571,0.2124497004920415,9.462289561548376e-10,0.0302073748473748,0
1399,0,0.0,0.0,3.1444930121813126e-10,0.00430105006105,0
1400,2,0.421875,0.0,6.182917611489041e-10,0.0075018315018315,0
1401,1,0.0,0.0,8.897233835663894e-10,0.0048011721611721,0
1402,6,0.146875,0.2529320252063783,8.32449639639715e-10,0.0053012942612942,0
1403,4,0.3932291666666667,0.330108300108233,1.1733034195488406e-09,0.0048011721611721,0
1404,5,0.3515625,0.579620900402663,5.685868900211847e-10,0.0041010012210012,0
1405,3,0.052734375,0.037109375,1.745020240420023e-09,0.0169041269841269,0
1406,0,0.0,0.0,2.6508696838367167e-10,0.0060014652014652,0
1407,3,0.630859375,0.396484375,9.666881994620662e-10,0.0166040537240537,0
1408,7,0.302734375,0.3681610404108945,3.081407754005338e-09,0.0087021245421245,0
1409,5,0.162109375,0.1880992215259592,4.294857030275128e-09,0.0899219536019536,0
1410,10,0.2139756944444444,0.2434984803533968,3.157579946450281e-08,0.0540131868131868,0
1411,9,0.1396484375,0.1275190212048499,1.7525137656147266e-09,0.0056013675213675,0
1412,9,0.22314453125,0.2775804825652327,3.554414165403176e-09,0.0130031746031745,0
1413,5,0.166015625,0.0973628404735509,2.5997697027494704e-08,0.030007326007326,0
1414,6,0.053125,0.0279071423429558,1.517156221976792e-09,0.0107026129426129,0
1415,3,0.7578125,0.546875,5.796077941230185e-09,0.0470114774114774,0
1416,12,0.1608664772727272,0.1737837754792854,6.330196113479224e-08,0.1171285958485958,0
1417,10,0.1193576388888889,0.1170733111360683,2.90667193621778e-09,0.0059014407814407,0
1418,5,0.40234375,0.4344989846659958,1.5220479052896631e-09,0.0049011965811965,0
1419,6,0.3234375,0.480099578700867,3.912249032721789e-09,0.0108026373626373,0
1420,6,0.08359375,0.0873673659934016,3.658638919078479e-09,0.0050012210012209,0
1421,5,0.3515625,0.4697499100876377,5.972393057801137e-10,0.0048011721611721,0
1422,1,0.0,0.0,2.836051794156189e-10,0.0052012698412698,0
1423,5,0.16796875,0.0943987966687076,7.714396203877946e-09,0.0402098168498168,0
1424,9,0.1728515625,0.1727356602945736,6.2484741118669685e-09,0.0619151159951159,0
1425,18,0.0875459558823529,0.0645774178049469,1.081399514780367e-07,0.3163772405372405,0
1426,5,0.390625,0.3915321497864591,1.5119580386121135e-09,0.0058014163614163,0
1427,1,0.0,0.0,5.766339740887588e-09,0.0186045421245421,0
1428,6,0.1109375,0.1016105655493069,6.575888285609552e-10,0.0192046886446886,0
1429,4,0.5182291666666666,0.3765745661390944,1.730032296688947e-09,0.005001221001221,0
1430,4,0.4440104166666667,0.5233144030214745,8.785579172154834e-10,0.008101978021978,0
1431,5,0.3359375,0.4168721010487659,6.900317302847065e-10,0.0057013919413919,0
1432,1,0.0,0.0,5.257724522734252e-10,0.0044010744810744,0
1433,3,0.40234375,0.375,1.3263401476084623e-09,0.0064015628815628,0
1434,2,0.0625,0.0,4.5296024252211286e-10,0.0041010012210012,0
1435,7,0.2819010416666667,0.3696202700283657,6.755343553814249e-08,0.0976238339438339,0
1436,9,0.205078125,0.2065146857482235,5.4572168887278766e-08,0.1099268376068376,0
1437,3,0.380859375,0.365234375,2.54462471491103e-08,0.0461112576312576,0
1438,11,0.181640625,0.2180040993961251,8.722132845543158e-09,0.0363088644688644,0
1439,7,0.1263020833333333,0.1182389175494426,6.073509038381404e-10,0.0052012698412698,0
1440,2,0.62890625,0.0,5.943110791325076e-10,0.006201514041514,0
1441,0,0.0,0.0,3.1797419682178146e-10,0.0052012698412698,0
1442,4,0.6354166666666666,0.7884455956172651,5.814528753302219e-10,0.005001221001221,0
1443,2,1.07421875,0.0,9.313293635652266e-10,0.0051012454212454,0
1444,2,0.62890625,0.0,1.0786358307019936e-09,0.0053012942612942,0
1445,5,0.17578125,0.23282364172165,7.324191239269648e-10,0.0040009768009768,0
1446,5,0.0947265625,0.0767145631972376,9.642127281550358e-10,0.0042010256410256,0
1447,2,0.19921875,0.0,9.750787020032099e-10,0.0045010989010989,0
1448,0,0.0,0.0,3.2709957188551507e-10,0.0045010989010989,0
1449,7,0.1451822916666666,0.2091992502556084,2.8328203734615425e-08,0.1652403418803418,0
1450,14,0.1334134615384615,0.1386737468881493,1.1998378798018222e-08,0.0855208791208791,0
1451,7,0.2252604166666666,0.1977924157677514,3.69010673784841e-08,0.0786191941391941,0
1452,12,0.1505681818181818,0.1116017699046119,1.5215567057416876e-08,0.0395096459096459,0
1453,6,0.18359375,0.2108796216891286,6.194701929506188e-09,0.0113027594627594,0
1454,1,0.0,0.0,1.4133418836729848e-09,0.0090021978021978,0
1455,9,0.1591796875,0.1992642219857198,4.301843991726374e-09,0.0132032234432234,0
1456,6,0.25234375,0.1698495715423651,4.151627030249969e-09,0.0113027594627594,0
1457,1,0.0,0.0,5.502029219190961e-10,0.0051012454212454,0
1458,2,0.05859375,0.0,4.881348106851768e-10,0.0045010989010989,0
1459,0,0.0,0.0,2.9029473379862566e-10,0.0038009279609279,0
1460,4,0.296875,0.3117177709884375,3.206698738797239e-09,0.0254062026862026,0
1461,5,0.275390625,0.2559786220207473,9.62274788798655e-10,0.0063015384615384,0
1462,2,0.75,0.0,4.620548526226181e-10,0.006201514041514,0
1463,0,0.0,0.0,3.889126765858107e-10,0.0066016117216117,0
1464,2,0.9921875,0.0,4.6389544802004727e-10,0.0042010256410256,0
1465,2,0.9296875,0.0,7.718989647346445e-10,0.0041010012210012,0
1466,3,0.626953125,0.111328125,6.65809831459156e-10,0.0163039804639804,0
1467,1,0.0,0.0,7.915837425467118e-10,0.0054013186813186,0
1468,6,0.215625,0.1375843136384922,8.53996243981649e-10,0.0061014896214896,0
1469,2,0.08984375,0.0,7.951199062520031e-10,0.0052012698412698,0
1470,6,0.23203125,0.2553934808841545,8.391424721323986e-10,0.0089021733821733,0
1471,6,0.13359375,0.0870804674568298,1.20268409162783e-09,0.0051012454212454,0
1472,4,0.3033854166666667,0.2392150702326023,6.2512670717942e-10,0.0049011965811965,0
1473,3,0.09375,0.02734375,7.557910506685688e-10,0.0060014652014652,0
1474,3,0.259765625,0.111328125,6.345493006264524e-10,0.0061014896214896,0
1475,1,0.0,0.0,8.436428828599158e-10,0.0054013186813186,0
1476,4,0.46484375,0.3249630638065527,1.7852420738697352e-08,0.0532129914529914,0
1477,2,0.01171875,0.0,1.0806283571942912e-08,0.0430105006105006,0
1478,9,0.146484375,0.1540494455993046,7.46045754001798e-08,0.1668407326007326,0
1479,12,0.1644176136363636,0.1364542342270162,6.578468336710094e-09,0.0373091086691086,0
1480,22,0.0669642857142857,0.0766156820186717,6.183722708586775e-09,0.0495120879120879,0
1481,7,0.1673177083333333,0.1551952791804715,4.4304626731219276e-08,0.1244303785103785,0
1482,2,1.60546875,0.0,3.629886404211037e-10,0.0047011477411477,0
1483,2,0.0234375,0.0,8.96044620867194e-10,0.0057013919413919,0
1484,0,0.0,0.0,4.381017978087575e-10,0.0046011233211233,0
1485,4,0.37890625,0.4407085655096139,5.9082271619474e-10,0.014303492063492,0
1486,3,0.30078125,0.2890625,4.279140199527104e-10,0.0054013186813186,0
1487,2,0.51171875,0.0,4.822711233024876e-10,0.0051012454212454,0
1488,1,0.0,0.0,4.5669376776433775e-10,0.0046011233211233,0
1489,2,1.7421875,0.0,3.1348777498617237e-10,0.00430105006105,0
1490,1,0.0,0.0,3.712556935098716e-10,0.0052012698412698,0
1491,3,0.099609375,0.083984375,3.0313890619665565e-10,0.0059014407814407,0
1492,1,0.0,0.0,6.665914530054296e-10,0.0057013919413919,0
1493,4,0.1940104166666666,0.2468332418973497,6.480040574949572e-10,0.0063015384615384,0
1494,1,0.0,0.0,4.935709496377994e-10,0.0059014407814407,0
1495,3,0.408203125,0.283203125,8.51531254589004e-10,0.005001221001221,0
1496,4,0.6158854166666666,0.8132529397223314,5.606229383258344e-10,0.0051012454212454,0
1497,0,0.0,0.0,9.719691118557872e-10,0.0047011477411477,0
1498,2,0.5,0.0,5.126731032923797e-10,0.0048011721611721,0
1499,3,0.439453125,0.423828125,7.61551473228728e-10,0.0055013431013431,0
1500,3,0.869140625,0.271484375,5.870102851229797e-10,0.0063015384615384,0
1501,6,0.3,0.4425793316951775,5.825454500093922e-09,0.0098023931623931,0
1502,2,1.77734375,0.0,3.929533432921711e-09,0.0057013919413919,0
1503,6,0.16796875,0.2874108217669439,9.868498889461e-10,0.0047011477411477,0
1504,3,0.390625,0.19921875,3.4368326700475275e-08,0.0929226862026861,0
1505,8,0.2338169642857142,0.2354183304208712,4.365251589006739e-08,0.0755184371184371,0
1506,12,0.1143465909090909,0.1418242240276623,2.8800313074906707e-08,0.178143492063492,0
1507,14,0.1099759615384615,0.1398285249844101,1.092877434338572e-07,0.1772432722832722,0
1508,12,0.1573153409090909,0.4161280321526148,6.344266376525133e-09,0.0577140903540903,0
1509,4,0.0182291666666666,0.0092071195466998,6.634333409529437e-09,0.0229055921855921,0
1510,7,0.1165364583333333,0.094813216557984,3.320134160059898e-08,0.2445597069597069,0
1511,14,0.1216947115384615,0.0963049068802814,1.821795531767044e-07,0.1667407081807081,0
1512,12,0.1509232954545454,0.1171670522794279,3.6853886303555774e-08,0.1263308424908424,0
1513,17,0.115234375,0.0827258538458881,4.18091255066773e-08,0.1337326495726495,0
1514,16,0.1130208333333333,0.0942636392282599,5.95993450699094e-08,0.158838778998779,0
1515,18,0.1029411764705882,0.1267112102377003,1.8870158325184932e-08,0.0484118192918192,0
1516,12,0.1221590909090909,0.1116605124387937,1.5880882625760142e-08,0.0495120879120879,0
1517,20,0.0844983552631579,0.0831660090483389,2.0446989640660944e-08,0.094323028083028,0
1518,14,0.1469350961538461,0.2036244464290189,2.279773272447265e-08,0.0909221978021978,0
1519,15,0.09765625,0.1371644520787456,2.8380342485414882e-08,0.046211282051282,0
1520,1,0.0,0.0,4.275995315395498e-09,0.0268065445665445,0
1521,17,0.110107421875,0.1072994575017491,3.796039674002271e-08,0.1348329181929181,0
1522,15,0.1155133928571428,0.1440986095676732,2.354020724163953e-08,0.1504367277167277,0
1523,8,0.2472098214285714,0.2912016220523258,3.0667117064610194e-09,0.01810442002442,0
1524,11,0.196484375,0.1658022525869013,2.0246811824321554e-09,0.0171041758241758,0
1525,10,0.2122395833333333,0.2353351283018479,3.9655408786042086e-08,0.096923663003663,0
1526,20,0.0842927631578947,0.064464846291076,6.147398224216132e-08,0.0794193894993894,0
1527,30,0.0575161637931034,0.0528367615542842,3.58511813907776e-08,0.0934228083028082,0
1528,13,0.0618489583333333,0.0598143977642884,1.785168932656341e-09,0.0265064713064713,0
1529,3,0.3828125,0.37109375,6.386640969874141e-10,0.0253061782661782,0
1530,6,0.1484375,0.2394630019374078,1.156602684767749e-09,0.0057013919413919,0
1531,8,0.2583705357142857,0.2457296819077254,9.58479933962134e-10,0.0119029059829059,0
1532,5,0.2587890625,0.1966046126576427,5.284508355994161e-10,0.0166040537240537,0
1533,4,0.3645833333333333,0.4608970380075112,7.228673284662866e-10,0.0051012454212454,0
1534,4,0.53515625,0.4489412639349848,6.475340858181975e-10,0.0056013675213675,0
1535,0,0.0,0.0,5.759967200500625e-10,0.0054013186813186,0
1536,1,0.0,0.0,3.633414789321383e-10,0.0051012454212454,0
1537,2,0.93359375,0.0,6.99106555254964e-10,0.0059014407814407,0
1538,1,0.0,0.0,5.063939916518327e-10,0.0052012698412698,0
1539,4,0.3958333333333333,0.2118598020811102,7.843657049371907e-10,0.0051012454212454,0
1540,1,0.0,0.0,5.830700590215814e-10,0.0110026862026862,0
1541,4,0.0716145833333333,0.0377828597097575,5.21241125168838e-10,0.0233056898656898,0
1542,24,0.0672554347826086,0.0763118098841856,9.872572240184564e-08,0.3908954334554334,0
1543,11,0.161328125,0.136092875463608,2.805402533232776e-08,0.0361088156288156,0
1544,11,0.1984375,0.2691618845921307,1.4428621645554452e-09,0.0142034676434676,0
1545,6,0.31328125,0.2774416640541305,3.6086776863797244e-08,0.053112967032967,0
1546,7,0.3196614583333333,0.2582502662252748,6.2916183609922155e-09,0.0335081807081807,0
1547,9,0.134765625,0.1473412438479867,2.4237452141578744e-08,0.084320586080586,0
1548,15,0.1375558035714285,0.1778596042062234,1.103447865966324e-08,0.0469114529914529,0
1549,6,0.0328125,0.0229905296399408,1.138434325317624e-09,0.0065015873015873,0
1550,1,0.0,0.0,3.06918997018871e-10,0.0041010012210012,0
1551,2,0.0390625,0.0,5.790361223110763e-10,0.0045010989010989,0
1552,7,0.2408854166666666,0.1999916922645198,1.414494483108551e-09,0.0308075213675213,0
1553,6,0.28203125,0.3185488795646203,2.5983836096589358e-08,0.0752183638583638,0
1554,5,0.1513671875,0.0828813374715576,1.6013845072052486e-09,0.0116028327228327,0
1555,4,0.1263020833333333,0.0446901101607565,2.623091257891223e-09,0.015003663003663,0
1556,4,0.1315104166666666,0.1666564938301652,2.4043520321507958e-09,0.0089021733821733,0
1557,0,0.0,0.0,5.541030536351621e-10,0.0044010744810744,0
1558,3,0.2578125,0.24609375,4.3827666449003436e-10,0.005001221001221,0
1559,4,0.1627604166666666,0.0470194533470515,1.7091240187451264e-09,0.0171041758241758,0
1560,3,0.01171875,0.0,1.3705244863669767e-09,0.0134032722832722,0
1561,5,0.353515625,0.3687684135365522,6.734494094557339e-09,0.0187045665445665,0
1562,5,0.1455078125,0.1203472136913095,3.374069242225434e-09,0.0073017826617826,0
1563,4,0.06640625,0.039963565763601,6.434346119556742e-10,0.0060014652014652,0
1564,0,0.0,0.0,3.869074058233856e-10,0.0048011721611721,0
1565,1,0.0,0.0,5.307656317786811e-10,0.005001221001221,0
1566,5,0.3408203125,0.4394607204204722,3.8418262242438066e-09,0.029307155067155,0
1567,0,0.0,0.0,7.257274736269698e-10,0.0049011965811965,0
1568,3,0.375,0.35546875,6.615917498930317e-10,0.0051012454212454,0
1569,1,0.0,0.0,3.024973913724485e-10,0.0085020757020757,0
1570,2,0.40234375,0.0,8.42318956915168e-10,0.0153037362637362,0
1571,6,0.25625,0.1974662500830838,2.0345300501035395e-09,0.0099024175824175,0
1572,3,0.544921875,0.533203125,9.373947557326678e-10,0.0078019047619047,0
1573,9,0.19775390625,0.2079040555117138,1.2455244118247779e-09,0.0103025152625152,0
1574,2,0.03125,0.0,6.397564762262564e-10,0.0080019536019536,0
1575,4,0.5208333333333334,0.6470738464170948,6.313144324133333e-10,0.0055013431013431,0
1576,4,0.2942708333333333,0.3996017168607457,6.685283487710227e-10,0.0038009279609279,0
1577,6,0.17734375,0.1463379476481578,1.4270803357469165e-08,0.0313076434676434,0
1578,18,0.0988051470588235,0.0850003707073256,3.666589953193089e-08,0.0590144078144078,0
1579,19,0.1080729166666666,0.1255751200898899,7.750216748157596e-08,0.2656648595848595,0
1580,17,0.10205078125,0.0953024436773476,6.054079709464324e-08,0.1379336752136752,0
1581,16,0.1268229166666666,0.1461157978758248,3.602612588013372e-08,0.1821444688644688,0
1582,12,0.1612215909090909,0.2028659495223237,1.9486941604386656e-09,0.0328080097680097,0
1583,12,0.17578125,0.3329136836691272,2.1772862371992403e-09,0.0164040048840048,0
1584,7,0.2565104166666667,0.2803957174334778,2.528857666888802e-08,0.0880214896214896,0
1585,10,0.1154513888888889,0.135480642829167,2.7821458112851485e-08,0.1246304273504273,0
1586,11,0.171875,0.1582489324114858,1.2677668381859373e-08,0.1120273504273504,0
1587,11,0.188671875,0.1900867304361107,6.428015036046745e-08,0.1965479853479853,0
1588,27,0.0707632211538461,0.0705984347231391,1.6039814078477656e-07,0.2642645177045177,0
1589,16,0.12890625,0.1338881077266573,2.567626514650897e-08,0.1197292307692307,0
1590,15,0.1303013392857142,0.1191759054069568,1.943257657510461e-09,0.025006105006105,0
1591,9,0.23291015625,0.2193589589919104,5.7460195022426023e-08,0.1146279853479853,0
1592,12,0.1409801136363636,0.1793355507146564,8.470682966576395e-10,0.0057013919413919,0
1593,1,0.0,0.0,4.6423362559466027e-10,0.0045010989010989,0
1594,2,1.6484375,0.0,9.04529889837811e-10,0.0047011477411477,0
1595,8,0.2008928571428571,0.1729226535210621,5.733187885662701e-08,0.1463357264957265,0
1596,6,0.29296875,0.260438801142658,3.9964346296128586e-08,0.1968480586080586,0
1597,5,0.2802734375,0.1040256817726359,1.3104110260934036e-08,0.0328080097680097,0
1598,6,0.16328125,0.1943947186541471,5.36396843514074e-08,0.1437350915750915,0
1599,8,0.1261160714285714,0.1077832655942266,1.1498636902129634e-08,0.0798194871794871,0
1600,11,0.12890625,0.1444150715494231,1.6683936444948348e-08,0.0704171916971916,0
1601,4,0.2760416666666667,0.1667175215382211,4.901088166439871e-09,0.033108083028083,0
1602,4,0.0559895833333333,0.0433028363237393,4.718477682205361e-10,0.0047011477411477,0
1603,5,0.1845703125,0.1526033195324538,2.0783771133645213e-09,0.0115028083028083,0
1604,5,0.197265625,0.2682899974003468,4.2249720315339585e-10,0.0053012942612942,0
1605,0,0.0,0.0,7.239357586942291e-10,0.0053012942612942,0
1606,10,0.0959201388888889,0.1734960556252372,2.5837130926430942e-09,0.0109026617826617,0
1607,3,0.51953125,0.4453125,4.893729025688731e-09,0.0132032234432234,0
1608,21,0.084765625,0.0954045086129155,8.956455445289006e-09,0.0246060073260073,0
1609,17,0.10400390625,0.1087793753401335,2.7016319145110923e-09,0.0315076923076923,0
1610,13,0.1500651041666666,0.1930761178437918,3.151733998305655e-09,0.0441107692307692,0
1611,17,0.122802734375,0.2078448449683694,1.5958793951711186e-09,0.0147035897435897,0
1612,8,0.2109375,0.2870951390421076,2.6873544912979433e-09,0.0220053724053724,0
1613,19,0.1080729166666666,0.0918407290342831,4.719843571331666e-09,0.0253061782661782,0
1614,13,0.1438802083333333,0.210248158276858,2.2078025462869783e-09,0.0320078144078144,0
1615,10,0.2018229166666666,0.3154644548370307,1.4762686796927291e-09,0.0264064468864468,0
1616,17,0.11083984375,0.1659861819019808,1.3083240429294112e-09,0.031207619047619,0
1617,16,0.1015625,0.1538156723734884,3.978596397878678e-09,0.0352085958485958,0
1618,8,0.1411830357142857,0.126498216069185,7.991633657284413e-10,0.0197048107448107,0
1619,13,0.15625,0.2496640809574186,1.132481518659403e-09,0.0147035897435897,0
1620,9,0.1943359375,0.2128435835355299,2.535080066125453e-09,0.0401097924297924,0
1621,14,0.1018629807692307,0.104697607533345,3.628723920945761e-09,0.0204049816849816,0
1622,12,0.1416903409090909,0.2847989224296174,2.6725746757926804e-09,0.0992242246642246,0
1623,9,0.1875,0.3050628697370224,9.838860864516201e-10,0.0127031013431013,0
1624,7,0.1549479166666666,0.1189893307359658,2.208865357314304e-09,0.0145035409035409,0
1625,10,0.1762152777777778,0.1805388614077176,1.6800730293418591e-09,0.0214052258852258,0
1626,9,0.13232421875,0.2749084146754162,1.6093791137976119e-09,0.0305074481074481,0
1627,27,0.0612980769230769,0.1013239688670694,2.4080343073017062e-09,0.0454110866910866,0
1628,12,0.1061789772727272,0.1030649653859407,1.2295300039805534e-09,0.0286069841269841,0
1629,12,0.1292613636363636,0.1448663435923297,8.635796668820933e-10,0.0314076678876678,0
1630,9,0.2138671875,0.3239759892173423,1.0514003351929747e-09,0.0138033699633699,0
1631,9,0.21044921875,0.2371453900456373,1.8855910092231062e-09,0.0089021733821733,0
1632,24,0.0647078804347826,0.0795040154256945,5.27657637183736e-09,0.0273066666666666,0
1633,12,0.1658380681818181,0.1647658391487367,4.6105901770293375e-09,0.0248060561660561,0
1634,17,0.10302734375,0.096228577843204,1.673453868418669e-09,0.0289070573870573,0
1635,18,0.1128216911764705,0.1535315120089964,1.8160807643995026e-09,0.0458111843711843,0
1636,4,0.03125,0.0095683193077467,1.207738546567816e-09,0.0190046398046398,0
1637,13,0.1048177083333333,0.1438419066666535,2.225947634011965e-09,0.0204049816849816,0
1638,18,0.0597426470588235,0.0774066782248269,3.3810830947750022e-09,0.028106862026862,0
1639,26,0.0690625,0.0908316609173255,3.663319384158441e-09,0.0451110134310134,0
1640,20,0.0927220394736842,0.0845796026187547,4.775703268377261e-09,0.0390095238095238,0
1641,18,0.1031709558823529,0.1295214183354787,5.750501890296991e-09,0.0757184859584859,0
1642,7,0.240234375,0.2223104725551234,1.0167362862270429e-08,0.1270310134310134,0
1643,15,0.1088169642857142,0.209620231471401,1.826545701798964e-09,0.015003663003663,0
1644,15,0.1300223214285714,0.1286305609462351,2.3876694437362924e-09,0.0694169474969474,0
1645,11,0.171875,0.28641098093474,9.216953666945079e-10,0.0255062271062271,0
1646,8,0.09765625,0.1240547406713492,9.463626761245806e-10,0.0134032722832722,0
1647,13,0.1204427083333333,0.1456428373560941,2.663640923681273e-09,0.040009768009768,0
1648,12,0.1644176136363636,0.1418766752959303,1.5253141915837943e-08,0.0515125763125763,0
1649,29,0.0694754464285714,0.1090474465016415,3.454846108911184e-09,0.0166040537240537,0
1650,11,0.16796875,0.2275436728341946,1.6705966472922172e-09,0.0270065934065934,0
1651,12,0.1626420454545454,0.2262210441681085,8.112863816596932e-09,0.03620884004884,0
1652,9,0.208984375,0.2446712982543173,5.355462610168711e-09,0.0138033699633699,0
1653,8,0.2075892857142857,0.2429372447009364,8.992713587393644e-10,0.0113027594627594,0
1654,11,0.16796875,0.2509868218963398,2.270844635211908e-09,0.0146035653235653,0
1655,13,0.1650390625,0.2218216093057222,7.987204965470189e-10,0.0173042246642246,0
1656,15,0.126953125,0.1933142759454645,2.9217854323065516e-09,0.0248060561660561,0
1657,8,0.1322544642857142,0.121128461532539,4.517260609008834e-09,0.0206050305250305,0
1658,15,0.1155133928571428,0.1386558740588842,2.2161832022695113e-09,0.0284069352869352,0
1659,13,0.1197916666666666,0.1089945640647262,2.3692174349125472e-09,0.0288070329670329,0
1660,12,0.1583806818181818,0.2674173094028977,1.2369058328665128e-09,0.0203049572649572,0
1661,11,0.16171875,0.2091372834295991,1.5899597248498347e-09,0.019304713064713,0
1662,7,0.0611979166666666,0.0542048393137985,4.737764405256678e-09,0.0128031257631257,0
1663,12,0.15234375,0.2771311004551611,5.166746150489424e-08,0.2784679853479853,0
1664,3,0.03515625,0.00390625,1.3195606095515953e-08,0.0574140170940171,0
1665,5,0.32421875,0.2082804294807544,2.2914210873917833e-09,0.0164040048840048,0
1666,21,0.0927734375,0.0866525208103778,4.4589305188435215e-09,0.0478116727716727,0
1667,11,0.177734375,0.2411093061450877,4.7887957707737924e-08,0.1295316239316239,0
1668,12,0.1441761363636363,0.132451197911737,3.923980284147408e-08,0.0773188766788766,0
1669,4,0.44140625,0.4916394932021243,1.3729171273141622e-09,0.0103025152625152,0
1670,14,0.0760216346153846,0.0459804309216071,5.7491812838677823e-08,0.1582386324786324,0
1671,17,0.112548828125,0.1277112187385787,7.726787261036344e-08,0.1489363614163614,0
1672,5,0.1240234375,0.1945370347721719,2.615046750537822e-09,0.0178043467643467,0
1673,9,0.19482421875,0.313295115784758,8.474305676686627e-10,0.0054013186813186,0
1674,9,0.15185546875,0.2680797469358009,1.0520734046618319e-09,0.0116028327228327,0
1675,6,0.1109375,0.1906730216152117,8.131432846190742e-10,0.0272066422466422,0
1676,0,0.0,0.0,3.6562615016283735e-10,0.0104025396825396,0
1677,1,0.0,0.0,1.965947050253369e-10,0.0059014407814407,0
1678,3,0.2734375,0.234375,1.2671625865993995e-09,0.0171041758241758,0
1679,7,0.21875,0.151422830834444,3.4551044954676474e-09,0.0713174114774114,0
1680,18,0.1114430147058823,0.1351181095178582,3.3879769297251555e-09,0.0225054945054945,0
1681,13,0.1279296875,0.1138313354793473,2.2889407679300075e-09,0.0230056166056166,0
1682,14,0.1373197115384615,0.1444772033323225,1.8578149459159071e-09,0.0163039804639804,0
1683,15,0.1303013392857142,0.1287337111570752,3.9493482682356305e-09,0.0153037362637362,0
1684,6,0.36015625,0.1740347262401961,6.423777530647093e-09,0.0117028571428571,1
1685,12,0.1477272727272727,0.05007480038941,6.0038981697420915e-09,0.0125030525030525,1
1686,14,0.1454326923076923,0.1062079447639047,6.037532295407753e-09,0.013103199023199,1
1687,12,0.1683238636363636,0.1670574724147883,7.896558428015902e-09,0.0139033943833943,1
1688,20,0.09375,0.129691958547329,8.161172887376241e-09,0.0501122344322344,1
1689,14,0.1313100961538461,0.1635432664747942,2.5386651243885676e-08,0.0694169474969475,0
1690,4,0.2356770833333333,0.2865589311997572,4.517658715599706e-09,0.0098023931623931,0
1691,20,0.0830592105263157,0.1318709496348624,1.559112521076807e-07,0.3058746764346765,0
1692,11,0.15,0.1631129515425967,5.0946776142484985e-08,0.0998243711843711,0
1693,11,0.141796875,0.1998996482857477,1.7735025963047939e-09,0.0072017582417582,0
1694,10,0.1714409722222222,0.1814381473442903,3.735331660606385e-09,0.012403028083028,0
1695,7,0.291015625,0.2365002386348668,1.547606826774924e-09,0.0057013919413919,0
1696,6,0.1625,0.1454804137375543,1.3733917142012951e-09,0.0058014163614163,0
1697,17,0.07763671875,0.1114982509732452,7.25626239304825e-08,0.1548378021978022,0
1698,13,0.1536458333333333,0.1764839350155599,1.5075241940683787e-09,0.0215052503052503,0
1699,9,0.17578125,0.173795204045505,9.659928801367956e-09,0.076218608058608,0
1700,14,0.1403245192307692,0.1395984629218009,4.985919162619025e-09,0.016203956043956,0
1701,10,0.2191840277777778,0.1826859987563072,2.65170547706262e-08,0.079319365079365,0
1702,26,0.0775,0.0686049606442566,5.4320491443207786e-08,0.1514369719169719,0
1703,26,0.05984375,0.0474279881768139,1.4873035341924134e-08,0.0970236874236874,0
1704,19,0.0933159722222222,0.131393621358129,8.818215224363631e-09,0.0296072283272283,0
1705,15,0.1012834821428571,0.1094194772221818,1.8957661422762726e-09,0.0191046642246642,0
1706,8,0.1411830357142857,0.1618342056192644,1.0180680318464775e-07,0.141234481074481,0
1707,11,0.101171875,0.1075524774256298,1.901989411793097e-08,0.0363088644688644,0
1708,15,0.119140625,0.2076134733532516,1.0543127781705218e-08,0.0187045665445665,0
1709,29,0.0587332589285714,0.0717660560613778,1.3724998080538371e-09,0.0286069841269841,0
1710,16,0.1229166666666666,0.1177665094067376,4.510959750846427e-09,0.025006105006105,0
1711,19,0.0907118055555555,0.1158163092422518,1.2514254415297511e-08,0.0411100366300366,0
1712,11,0.084765625,0.0782820686708688,1.0165068015796609e-07,0.2020493284493284,0
1713,20,0.0960115131578947,0.1129178024951136,4.96142012154618e-08,0.1203293772893772,0
1714,8,0.2327008928571428,0.1797706662018533,3.3540442193992154e-08,0.0434105982905982,0
1715,13,0.1552734375,0.2082811926125983,7.466100122659186e-08,0.1057258119658119,0
1716,16,0.1302083333333333,0.1252574388939191,2.6299755194100427e-08,0.1310319902319902,0
1717,20,0.1011513157894736,0.0881326140229523,3.668493434136749e-08,0.1211295726495726,0
1718,16,0.1046875,0.0753977085402799,2.0853861527592356e-08,0.1053257142857142,0
1719,11,0.137109375,0.1197053725640713,8.093645440996774e-08,0.1041254212454212,0
1720,9,0.15283203125,0.2182824724473084,8.44368313698685e-08,0.0439107203907204,0
1721,6,0.3390625,0.4672397546027627,4.8404354139715e-08,0.0883215628815628,0
1722,13,0.0817057291666666,0.1001054631525369,2.7167932573739006e-09,0.0087021245421245,0
1723,11,0.105859375,0.1691135587466395,4.0606813141854925e-09,0.014303492063492,0
1724,14,0.1168870192307692,0.1215191189269939,5.907726149850691e-09,0.0115028083028083,0
1725,11,0.146484375,0.1736085340520538,7.04326730897816e-09,0.0328080097680097,0
1726,15,0.0940290178571428,0.1397344717008408,2.625796808936976e-09,0.0130031746031746,0
1727,6,0.37109375,0.4559917398340402,1.0824668524817332e-09,0.0172042002442002,0
1728,8,0.1841517857142857,0.155164035490695,1.1734569991910307e-09,0.0188045909645909,0
1729,12,0.1502130681818181,0.1267452257106524,3.5026710886729773e-09,0.0191046642246642,0
1730,23,0.0834517045454545,0.134398665902018,1.864755916577402e-09,0.0104025396825396,0
1731,18,0.1128216911764705,0.2195359205764167,1.0797129346136328e-09,0.0180043956043956,0
1732,19,0.1028645833333333,0.2590131449266459,2.7547163169659163e-09,0.0252061538461538,0
1733,27,0.0700120192307692,0.173272438146646,1.9668538430021092e-08,0.0924225641025641,0
1734,13,0.1399739583333333,0.1454418923432794,3.6493125727135855e-08,0.0627153113553113,0
1735,11,0.150390625,0.0913135547616186,5.9381839544352414e-08,0.096223492063492,0
1736,16,0.1122395833333333,0.1520159846595544,3.986723786839686e-09,0.0172042002442002,0
1737,16,0.0783854166666666,0.1223720056593713,1.440412181439253e-09,0.0185045177045177,0
1738,14,0.1177884615384615,0.1639325704163337,1.3557231910611603e-09,0.0203049572649572,0
1739,13,0.0934244791666666,0.1393666421601466,1.2992377314721635e-09,0.0199048595848595,0
1740,20,0.0789473684210526,0.1479094819447364,2.299768972760044e-09,0.0216052747252747,0
1741,10,0.1176215277777777,0.2013935658580483,3.749789565042541e-09,0.0130031746031746,0
1742,15,0.0982142857142857,0.1252078449792818,3.330308414971017e-09,0.0209051037851037,0
1743,22,0.0801711309523809,0.0756069178617754,1.3564392667200014e-09,0.0247060317460317,0
1744,17,0.109619140625,0.1116315488015627,2.6108968343768307e-08,0.1885460317460317,0
1745,24,0.065726902173913,0.0858034726686114,3.0894491940637202e-09,0.0326079609279609,0
1746,9,0.18994140625,0.2691058796682932,2.0263608278274604e-09,0.0221053968253968,0
1747,24,0.0810122282608695,0.0847498325371538,2.8299641414751304e-08,0.074318144078144,0
1748,16,0.0661458333333333,0.0592663937265228,7.312912888658367e-09,0.0298072771672771,0
1749,10,0.1870659722222222,0.2573942079928298,2.1348120589664197e-09,0.0125030525030525,0
1750,25,0.04638671875,0.0516909761563003,8.453016023381466e-09,0.0578141147741147,0
1751,17,0.118408203125,0.1000270687660665,3.614434211431121e-08,0.0811198046398046,0
1752,25,0.0804036458333333,0.0921764417434799,1.0733347328107084e-07,0.1891461782661782,0
1753,22,0.0876116071428571,0.0780931057345352,4.5365685234755743e-08,0.1265308913308913,0
1754,24,0.0855978260869565,0.1004783338641544,1.7107033205568e-08,0.0775189255189255,0
1755,11,0.19765625,0.2254836923323114,2.2826772151682005e-08,0.0810197802197802,0
1756,8,0.2516741071428571,0.2654596480388799,7.136205974794859e-09,0.0437106715506715,0
1757,17,0.106201171875,0.1375339726180953,8.789296335617304e-08,0.1766431257631257,0
1758,10,0.1540798611111111,0.0951699310671232,1.50621327486383e-08,0.0207050549450549,0
1759,25,0.07666015625,0.1013168886376687,3.0309549899293487e-09,0.0199048595848595,0
1760,8,0.2427455357142857,0.2020644162151828,2.0604590172929522e-08,0.0759185347985348,0
1761,16,0.12109375,0.2385948244081899,5.4335504589190485e-08,0.1552378998778998,0
1762,7,0.1015625,0.1010856191990441,1.7906892361577e-09,0.0083020268620268,0
1763,18,0.0884650735294117,0.0957201569522402,6.280760842850044e-08,0.2003489133089133,0
1764,8,0.1556919642857142,0.2793246081653421,1.2424040916772144e-09,0.0161039316239316,0
1765,15,0.09765625,0.1319067063695696,5.742114978127456e-08,0.2155526251526251,0
1766,18,0.0870863970588235,0.0967630541104775,6.673688714141008e-08,0.1424347741147741,0
1767,16,0.1216145833333333,0.1303140196087789,6.609100064085326e-08,0.1596389743589743,0
1768,13,0.1474609375,0.1054099590192939,6.8171049654795076e-09,0.0207050549450549,0
1769,11,0.17890625,0.2662893805236842,1.045969833494158e-09,0.009302271062271,0
1770,10,0.1901041666666666,0.3727871632677582,1.184502382718099e-09,0.0092022466422466,0
1771,9,0.08251953125,0.1670856771835858,7.452383974834181e-10,0.010002442002442,0
1772,9,0.16796875,0.3564225699080289,1.1210460295982846e-09,0.0096023443223443,0
1773,8,0.1618303571428571,0.2295718506571704,7.642527520746956e-10,0.0251061294261294,0
1774,22,0.0833333333333333,0.0627475257211548,5.2899465331518044e-08,0.1599390476190476,0
1775,18,0.0818014705882353,0.1007325266633594,1.0234940233695383e-09,0.0120029304029304,0
1776,3,0.8203125,0.43359375,4.734338301943613e-09,0.0113027594627594,0
1777,9,0.14599609375,0.2844392305714202,9.159361437978653e-10,0.0108026373626373,0
1778,9,0.125,0.1459626124338545,3.33455385748426e-08,0.0580141636141636,0
1779,24,0.0759171195652173,0.0523676495638969,1.41259210282705e-07,0.2494609035409035,0
1780,25,0.0810546875,0.0969063000720404,3.5007205090561315e-08,0.2317565811965811,0
1781,13,0.1028645833333333,0.1855046095868008,1.1128991338755531e-09,0.0096023443223443,0
1782,16,0.1153645833333333,0.2564113863406594,1.7300554868835543e-09,0.0171041758241758,0
1783,15,0.0864955357142857,0.1535399547274392,9.643566266291195e-10,0.0096023443223443,0
1784,2,0.98046875,0.0,3.0618543335247206e-09,0.0166040537240537,0
1785,12,0.1420454545454545,0.3057204623997337,1.7955271326150446e-09,0.0187045665445665,0
1786,3,0.095703125,0.087890625,5.342387950961669e-10,0.008101978021978,0
1787,20,0.0528371710526315,0.0456488554917239,3.0923841611896785e-08,0.196948083028083,0
1788,2,0.21875,0.0,6.839734248674265e-10,0.0078019047619047,0
1789,16,0.0893229166666666,0.187862424613325,1.4263189123994983e-09,0.0306074725274725,0
1790,7,0.2936197916666667,0.2794667922332714,6.81221957574121e-10,0.0103025152625152,0
1791,7,0.2649739583333333,0.2697615323120055,1.069927401022868e-09,0.0069016849816849,0
1792,1,0.0,0.0,4.605888073164285e-10,0.0056013675213675,0
1793,9,0.15234375,0.2228446297398846,5.2110481098497636e-08,0.2760673992673992,0
1794,10,0.1072048611111111,0.1267123265352966,3.3665856353362074e-08,0.1230300366300366,0
1795,0,0.0,0.0,4.977718567977265e-10,0.006201514041514,0
1796,4,0.4713541666666667,0.5665573912330187,1.6348685835006803e-09,0.0053012942612942,0
1797,5,0.337890625,0.3862400367217216,6.434809766211437e-10,0.0053012942612942,0
1798,10,0.0525173611111111,0.0361365595425323,4.252067843231419e-08,0.23195663003663,0
1799,2,0.01171875,0.0,4.359316507085796e-09,0.0198048351648351,0
