epoch,spike_count,isi_mean,isi_std,v_var,dvdt_max,label
0,50,0.0369897959183673,0.0261516046332643,2.189643999036169e-09,0.035008547008547,0
1,46,0.0416666666666666,0.0197985185507793,4.3184639437286524e-09,0.0453110622710622,0
2,23,0.0759943181818181,0.0724092291758973,1.451368350183597e-09,0.0303073992673992,0
3,3,0.322265625,0.255859375,4.2055918051940254e-10,0.0146035653235653,0
4,1,0.0,0.0,4.5556987173430616e-10,0.0110026862026862,0
5,4,0.2330729166666666,0.1155410966222865,3.6326057676933367e-10,0.0139033943833943,0
6,5,0.3046875,0.3159598509959869,4.948615802610765e-10,0.0113027594627594,0
7,7,0.091796875,0.1303726177150316,5.253028929082042e-10,0.0088021489621489,0
8,29,0.0323660714285714,0.0166009763176824,5.623970553012734e-09,0.0853208302808302,0
9,72,0.0277838908450704,0.0108631562236936,9.617332251632848e-09,0.0751183394383394,0
10,66,0.030108173076923,0.0136649721056403,4.389256614292385e-09,0.0545133089133089,0
11,33,0.0616455078125,0.070290350074249,2.3010544640481107e-09,0.0527128693528693,0
12,27,0.0751201923076923,0.0682309722328358,1.388454433075827e-09,0.0271066178266178,0
13,24,0.0864470108695652,0.0639927081621532,7.807456701930717e-10,0.0218053235653235,0
14,13,0.1595052083333333,0.0977451851979609,7.543551833057897e-10,0.0307074969474969,0
15,21,0.0984375,0.1150030782536385,1.587474412807803e-09,0.0256062515262515,0
16,2,1.40625,0.0,3.6099331055975966e-10,0.0115028083028083,0
17,7,0.193359375,0.2476877731975005,4.998013444570791e-10,0.0179043711843711,0
18,58,0.0302220394736842,0.022993863213566,5.683024490443503e-09,0.0747182417582417,0
19,18,0.1105238970588235,0.1937889321444069,4.579892292462404e-09,0.0887216605616605,0
20,1,0.0,0.0,3.217549707533681e-10,0.0111027106227106,0
21,2,0.28125,0.0,8.529289487751596e-10,0.009302271062271,0
22,0,0.0,0.0,4.695991655140578e-10,0.0115028083028083,0
23,1,0.0,0.0,6.764355336699657e-10,0.0078019047619047,0
24,33,0.0498046875,0.047067881161273,1.349590385374783e-09,0.0276067399267399,0
25,17,0.089111328125,0.0790137286027481,2.392689464256829e-09,0.0388094749694749,0
26,49,0.0398763020833333,0.030173077234116,4.537948294455849e-09,0.0486118681318681,0
27,35,0.0573299632352941,0.0375836874025982,3.063177623531332e-09,0.0414101098901098,0
28,68,0.0294426305970149,0.0135707775708517,5.808738880167452e-09,0.0607148229548229,0
29,58,0.0341282894736842,0.0232715975399871,4.239263630576874e-09,0.048111746031746,0
30,31,0.0647135416666666,0.0769883679167694,4.791899042654536e-09,0.049312039072039,0
31,15,0.1258370535714285,0.2177921600267299,1.0268658838384684e-09,0.0279068131868131,0
32,32,0.0544354838709677,0.0660452972113658,2.269130048160783e-09,0.0310075702075702,0
33,50,0.0369100765306122,0.034490591039338,2.309456054741368e-09,0.0360087912087912,0
34,39,0.0487253289473684,0.0480821874448387,1.320989866710162e-09,0.0257062759462759,0
35,18,0.1024816176470588,0.1074837256078564,1.0996926759074767e-09,0.0229055921855921,0
36,8,0.2237723214285714,0.3528727708999407,7.003089721739561e-10,0.0109026617826617,0
37,24,0.0760869565217391,0.0796044494526944,1.2347311649566684e-09,0.0292071306471306,0
38,25,0.0779622395833333,0.0564210809645723,1.426881062493757e-09,0.0297072527472527,0
39,27,0.0749699519230769,0.0588338353615592,1.0208860154501752e-09,0.0202049328449328,0
40,7,0.1731770833333333,0.1598012240459916,7.147224733362552e-10,0.0189046153846153,0
41,5,0.3125,0.2568489332501086,4.1995970807784e-10,0.016203956043956,0
42,0,0.0,0.0,3.711362705009683e-10,0.0105025641025641,0
43,4,0.1067708333333333,0.0748216557216596,6.20677833064795e-10,0.007401807081807,0
44,8,0.0915178571428571,0.1614218983193275,5.186247318344386e-10,0.0132032234432234,0
45,4,0.2838541666666667,0.368298592288373,4.187740398592047e-10,0.0105025641025641,0
46,20,0.0629111842105263,0.0923422153242976,1.1734173706944423e-09,0.0197048107448107,0
47,23,0.088778409090909,0.0755357674093698,1.3658772647783635e-09,0.0289070573870573,0
48,24,0.0791440217391304,0.0636070579756267,1.13144814190058e-09,0.0257062759462759,0
49,43,0.0438988095238095,0.031606154106082,2.499923815543092e-09,0.0470114774114774,0
50,38,0.0463471283783783,0.045091731990549,3.681638010781783e-09,0.0495120879120879,0
51,17,0.109619140625,0.1643556065595642,1.4751190992162256e-09,0.034308376068376,0
52,26,0.0771875,0.1167924591556535,1.6205374933983562e-09,0.0254062026862026,0
53,59,0.0340113146551724,0.0215913605412618,5.133742709190568e-09,0.0715174603174603,0
54,65,0.0303955078125,0.0208818744373095,5.178709219826435e-09,0.0673164346764346,0
55,69,0.0292394301470588,0.0200359049909581,4.717182628550817e-09,0.0565137973137973,0
56,61,0.032421875,0.0198963275734859,7.1989140692437394e-09,0.0998243711843712,0
57,41,0.04951171875,0.0337883568838895,4.583455283788673e-09,0.0571139438339438,0
58,70,0.0280230978260869,0.014810587624378,7.759454750252884e-09,0.0842205616605616,0
59,62,0.0324026639344262,0.0158687484648909,4.560013288544653e-09,0.0526128449328449,0
60,32,0.0623739919354838,0.0816281370132873,2.1085784816611284e-09,0.0472115262515262,0
61,23,0.0871803977272727,0.0934564708488438,1.0143046054919335e-09,0.0275067155067155,0
62,10,0.1636284722222222,0.2704163735249937,5.439433525642889e-10,0.0147035897435897,0
63,6,0.2109375,0.3076974721621872,7.450846477918362e-10,0.0113027594627594,0
64,38,0.050147804054054,0.0468178980175409,2.501073032626375e-09,0.0611149206349206,0
65,16,0.1130208333333333,0.1052850122798296,1.3715712801392742e-09,0.0223054456654456,1
66,9,0.19970703125,0.2535938395031708,6.715450476911672e-10,0.0125030525030525,1
67,8,0.2371651785714285,0.2606020811020988,1.3270420922793286e-09,0.0072017582417582,1
68,5,0.12890625,0.1167635560752744,7.25557237879811e-10,0.0089021733821733,1
69,14,0.1343149038461538,0.2811729430928851,1.0279015154988139e-09,0.0198048351648351,1
70,30,0.0660021551724138,0.0708592311503094,2.007803895034893e-09,0.0267065201465201,1
71,39,0.0494449013157894,0.0442602368579909,2.4556182828160847e-09,0.0477116483516483,1
72,22,0.08203125,0.0819470585531046,3.808226884743598e-09,0.0418102075702075,1
73,27,0.0721153846153846,0.0858160662011577,2.793362463842374e-09,0.0222054212454212,1
74,29,0.068359375,0.0625130775938658,2.2406916547026435e-09,0.0314076678876678,1
75,33,0.0562744140625,0.0510141460677517,3.2447278445675877e-09,0.0302073748473748,1
76,23,0.088778409090909,0.1230436722740083,2.5828188034747103e-09,0.0234057142857142,1
77,28,0.0727719907407407,0.101657875379384,1.7933326475451015e-09,0.0214052258852258,1
78,23,0.0836292613636363,0.1070137462028688,1.8023897833021e-09,0.019304713064713,1
79,21,0.098828125,0.1166203724882444,2.5250743971912123e-09,0.0177043223443223,1
80,13,0.15625,0.1422790456213306,1.765780024479658e-09,0.0244059584859584,1
81,18,0.0919117647058823,0.1630754052663005,3.538834710104456e-09,0.0191046642246642,1
82,19,0.0935329861111111,0.0949224306809422,2.015152881740851e-09,0.0203049572649572,1
83,16,0.12421875,0.1173020273695216,2.7329055490470892e-09,0.0245059829059829,1
84,33,0.0595703125,0.0530768681316452,1.8042981591058517e-08,0.0528128937728937,1
85,19,0.0828993055555555,0.0991000523349086,1.2059393127731038e-08,0.042410354090354,1
86,24,0.077445652173913,0.0992475791381939,6.113860534317551e-09,0.0341083272283272,1
87,22,0.0900297619047619,0.0932719410766454,5.4965219116561264e-09,0.0215052503052503,1
88,18,0.09765625,0.1748828142963545,6.1603482811873375e-09,0.0345084249084249,1
89,14,0.1478365384615384,0.1637176302754769,7.338200882444529e-09,0.0338082539682539,1
90,23,0.0807883522727272,0.1005355805630314,4.3250230981815805e-09,0.0256062515262515,1
91,20,0.0818256578947368,0.0876627957588506,3.742578205948169e-09,0.0241058852258852,1
92,17,0.100830078125,0.0876322020048369,4.531000721568487e-09,0.0237057875457875,1
93,15,0.1163504464285714,0.0947465929603322,3.3293894173930805e-09,0.0192046886446886,1
94,15,0.1353236607142857,0.1429053633914456,5.165076157435361e-09,0.0198048351648351,1
95,15,0.0987723214285714,0.1710322567365225,2.3265461723465957e-09,0.0138033699633699,1
96,24,0.0803328804347826,0.0822277512448646,5.371347907451387e-09,0.0196047863247863,1
97,13,0.0901692708333333,0.1137121198505269,4.124503077824105e-09,0.0176042979242979,1
98,19,0.0828993055555555,0.0738128010298478,2.6471124209806094e-09,0.0171041758241758,1
99,15,0.1344866071428571,0.1800553922993638,2.6141143767116753e-09,0.0195047619047619,1
100,9,0.146484375,0.1464713535879115,4.030767054486433e-09,0.0155037851037851,1
101,19,0.087890625,0.0908220625951451,4.7086560800903745e-09,0.0151036874236874,1
102,14,0.1421274038461538,0.1280294926992687,3.2983249995154754e-09,0.0151036874236874,1
103,18,0.0797334558823529,0.1021709962149755,3.549467992325134e-09,0.0138033699633699,1
104,18,0.1135110294117647,0.1539494622231375,3.856388191336967e-09,0.0172042002442002,1
105,14,0.141826923076923,0.1938550465911317,3.4389065181189717e-09,0.0133032478632478,1
106,4,0.1744791666666666,0.1159804736543924,2.542656889315829e-09,0.013103199023199,0
107,1,0.0,0.0,6.750745585051901e-10,0.0109026617826617,0
108,16,0.1143229166666666,0.2419120857837902,1.591192983021337e-09,0.0154037606837606,0
109,15,0.0329241071428571,0.0419344439391834,9.164809395363996e-10,0.0158038583638583,0
110,44,0.0388808139534883,0.071448716366956,3.9232485232957424e-09,0.0502122588522588,0
111,16,0.1010416666666666,0.1320202062277989,1.393243466539311e-09,0.0283069108669108,0
112,9,0.16455078125,0.2083210623624114,1.0468656630072036e-09,0.0211051526251526,0
113,24,0.08203125,0.1665387976140505,1.2235220867604108e-09,0.0256062515262515,0
114,16,0.0677083333333333,0.0768207097140622,1.612044491256945e-09,0.025006105006105,0
115,27,0.0725661057692307,0.1247799533512197,2.0287721613957874e-09,0.0456111355311355,0
116,25,0.0377604166666666,0.0311413040184932,5.617577087232821e-09,0.0559136507936508,0
117,7,0.0455729166666666,0.0281382588346019,1.1000585243616947e-09,0.0146035653235653,0
118,28,0.0558449074074074,0.0873516771486722,2.0014479076750136e-09,0.0322078632478632,0
119,20,0.0662006578947368,0.1649630364160809,2.2143353221192047e-09,0.0199048595848595,0
120,7,0.0852864583333333,0.1575695690193578,6.176262384953431e-10,0.0110026862026862,0
121,11,0.162890625,0.2454110694683068,3.4643285737207442e-09,0.0557136019536019,0
122,19,0.0891927083333333,0.2726061580955952,6.564680785611418e-09,0.0710173382173382,0
123,6,0.28671875,0.3113710074764106,7.216162593680907e-10,0.0105025641025641,0
124,13,0.0263671875,0.0371307846683131,1.0890043896969262e-09,0.0077018803418803,0
125,5,0.3828125,0.6157704757526085,6.818209629622175e-10,0.0080019536019536,0
126,2,0.015625,0.0,5.488863016922195e-10,0.0144035164835164,0
127,7,0.1334635416666666,0.1521836877267496,1.0326288722808868e-09,0.0114027838827838,0
128,25,0.05810546875,0.1566170513777706,1.1944311344106729e-08,0.106225934065934,0
129,19,0.046875,0.0603751204133834,1.9748499226764447e-09,0.039309597069597,0
130,4,0.46484375,0.3495166165354302,6.39650406753486e-10,0.0069016849816849,0
131,13,0.1324869791666666,0.3244361812230221,2.292391643129967e-09,0.0216052747252747,0
132,29,0.0548270089285714,0.0904270789338135,4.072523409395261e-09,0.0799195115995115,0
133,15,0.13671875,0.2210497732008401,1.023966779372142e-08,0.1207294749694749,0
134,23,0.0649857954545454,0.1493948338532417,9.026121584057138e-10,0.013103199023199,0
135,25,0.05810546875,0.1012886463396531,1.0196150342670484e-09,0.0254062026862026,0
136,24,0.0794836956521739,0.2399904970572426,3.325949219780779e-09,0.0375091575091575,0
137,17,0.097900390625,0.14318197224211,1.3111349436498243e-09,0.0169041269841269,0
138,16,0.05546875,0.0731515932769637,1.0752015056173135e-09,0.0153037362637362,0
139,12,0.1786221590909091,0.3441697902793545,6.755730379142123e-10,0.0237057875457875,0
140,30,0.0607489224137931,0.0889851106156807,1.0271240799629076e-09,0.03620884004884,0
141,7,0.2766927083333333,0.2123962947135131,8.069018622132174e-10,0.0269065689865689,0
142,21,0.0642578125,0.0909701385129989,1.0668670360978051e-09,0.0183044688644688,0
143,16,0.0919270833333333,0.1575587550240297,2.9492105602582363e-09,0.0265064713064713,0
144,34,0.0517282196969696,0.0768000232907841,1.1699891563230043e-09,0.0292071306471306,0
145,22,0.0744047619047619,0.0827805225076511,1.1879387221892371e-09,0.0390095238095238,0
146,6,0.30546875,0.3559311895840965,5.872742279850795e-10,0.0119029059829059,0
147,0,0.0,0.0,4.889815821134503e-10,0.0122029792429792,0
148,16,0.0877604166666666,0.1526597061902623,7.72344098717725e-10,0.0139033943833943,0
149,5,0.177734375,0.283041440915267,5.749013969767174e-10,0.0163039804639804,0
150,23,0.032137784090909,0.0248991389755402,1.03921887788646e-09,0.0153037362637362,0
151,1,0.0,0.0,5.49045179654154e-10,0.0136033211233211,0
152,43,0.0346912202380952,0.0685660798141324,5.9304982646343115e-09,0.0687167765567765,0
153,34,0.0570549242424242,0.0734323330025854,5.265939656016636e-09,0.0773188766788766,0
154,46,0.0421006944444444,0.0970969710308818,3.525607136311405e-09,0.0509124297924297,0
155,22,0.0933779761904761,0.1253477350359482,1.0729524929287403e-09,0.0271066178266178,0
156,21,0.09375,0.1471054541763747,1.2458277607215908e-09,0.0233056898656898,0
157,10,0.0611979166666666,0.055609782562663,1.0523261615351815e-09,0.0228055677655677,0
158,28,0.0484664351851851,0.0739652045545989,1.1391042453785699e-09,0.0182044444444444,0
159,9,0.22607421875,0.4762599797842731,8.852276177496529e-10,0.0375091575091575,0
160,54,0.0369251179245283,0.0919784154246256,8.315556807864498e-09,0.0952232478632478,0
161,20,0.08203125,0.1102598721748151,4.240126414601289e-09,0.0419102319902319,0
162,47,0.0368546195652173,0.0600898897168799,4.358850896127681e-09,0.0682166544566544,0
163,27,0.075420673076923,0.2133271680689682,1.4652467029985343e-09,0.0468114285714285,0
164,52,0.0377604166666666,0.0906862098196311,1.7840390377846017e-08,0.1154281807081807,0
165,10,0.0842013888888889,0.1250964134350821,6.526386032408523e-09,0.0503122832722832,0
166,8,0.0541294642857142,0.0671222096149772,1.3463363254572042e-09,0.0088021489621489,0
167,2,0.7890625,0.0,5.179427912615297e-10,0.0129031501831501,0
168,25,0.0673828125,0.0845220344300775,1.719284808597995e-08,0.0799195115995115,0
169,10,0.1987847222222222,0.2064485415629389,5.851952984651016e-09,0.0449109645909645,0
170,9,0.1435546875,0.2062628539732717,1.7885706769764113e-09,0.0257062759462759,0
171,38,0.0343116554054054,0.0899934267278868,5.788849977860966e-09,0.0554135286935286,0
172,46,0.0394097222222222,0.0653060527194672,2.952844939716791e-09,0.048111746031746,0
173,15,0.1353236607142857,0.2384394927151631,1.2344755411204588e-09,0.027406691086691,0
174,4,0.4583333333333333,0.3922405826736705,4.330143835695575e-10,0.016203956043956,0
175,14,0.0435697115384615,0.0680361719689668,3.0551303668519782e-09,0.0160039072039072,0
176,2,0.05859375,0.0,3.4288507521680587e-10,0.0142034676434676,0
177,17,0.0478515625,0.0621864081052069,5.855835427736183e-10,0.0094022954822954,0
178,1,0.0,0.0,2.679568057773186e-10,0.0103025152625152,0
179,3,0.2109375,0.19921875,3.566966102680388e-10,0.0083020268620268,0
180,12,0.1086647727272727,0.2062883203428918,5.718068352354639e-10,0.0110026862026862,0
181,2,0.05078125,0.0,5.21316981756542e-10,0.0072017582417582,0
182,3,0.1640625,0.15234375,2.5531176005220187e-10,0.0077018803418803,0
183,1,0.0,0.0,3.678513635072701e-10,0.0086021001221001,0
184,7,0.2083333333333333,0.4135319091260689,4.909243358476416e-10,0.0102024908424908,0
185,3,0.056640625,0.033203125,7.724413017453308e-10,0.0107026129426129,0
186,13,0.060546875,0.1216542388282043,6.488373600796332e-10,0.0139033943833943,0
187,5,0.0751953125,0.1099446313398213,4.395336206748752e-10,0.0102024908424908,0
188,5,0.087890625,0.0200135757147648,6.904186438984974e-10,0.0089021733821733,0
189,11,0.144921875,0.2454011210346809,7.177715585124582e-10,0.0133032478632478,0
190,10,0.2065972222222222,0.4272557628149717,4.931517988523482e-10,0.0118028815628815,0
191,3,0.623046875,0.298828125,3.4258889751248945e-10,0.0106025885225885,0
192,4,0.0924479166666666,0.094846738809762,5.566642956423747e-10,0.012403028083028,0
193,9,0.1103515625,0.1202044906310537,4.957073756524306e-10,0.0118028815628815,0
194,1,0.0,0.0,3.390715918188445e-10,0.0125030525030525,0
195,5,0.2548828125,0.2886580653623426,4.301596706716327e-10,0.0114027838827838,0
196,8,0.2193080357142857,0.3532969897330014,4.724154519083548e-10,0.0099024175824175,0
197,3,0.181640625,0.154296875,4.1887610152405247e-10,0.0101024664224664,0
198,4,0.0794270833333333,0.0080265807330325,3.5925340769663107e-10,0.0108026373626373,0
199,2,0.06640625,0.0,8.868435016114161e-10,0.0197048107448107,0
200,11,0.12890625,0.121646922003035,1.189781512505013e-09,0.0145035409035409,0
201,11,0.039453125,0.0380112448668565,5.611459593562386e-09,0.0606147985347985,0
202,27,0.0650540865384615,0.129989540120319,9.913045173108417e-09,0.0717175091575091,0
203,31,0.062109375,0.0676834138838604,1.4756067339000027e-09,0.0235057387057387,0
204,15,0.109375,0.125522068261066,2.406966992877306e-09,0.0167040781440781,0
205,13,0.1295572916666666,0.2349268315535941,1.250268304745468e-09,0.0123030036630036,0
206,11,0.09765625,0.1563183444279253,1.616324261151699e-09,0.0138033699633699,0
207,19,0.0716145833333333,0.1216524967668894,2.8566084309230483e-09,0.0175042735042735,0
208,10,0.1714409722222222,0.229384399143466,2.093538793996669e-09,0.015003663003663,0
209,5,0.2294921875,0.3593046700033698,7.543366205511351e-10,0.0239058363858363,0
210,20,0.0840871710526315,0.1551273837828645,1.679991919101494e-08,0.106225934065934,0
211,14,0.0787259615384615,0.1339375965541791,5.111251748363985e-09,0.0166040537240537,0
212,6,0.06875,0.029085172607791,8.355050265435451e-10,0.0111027106227106,0
213,16,0.1296875,0.2117326832746108,1.5868700898820514e-09,0.0340083028083028,0
214,14,0.0513822115384615,0.058720738869281,9.311139505865351e-10,0.0135032967032967,0
215,3,0.1953125,0.09765625,6.69931362824277e-10,0.0121029548229548,0
216,1,0.0,0.0,3.1667093187812047e-10,0.0098023931623931,0
217,20,0.0801809210526315,0.1533152036268155,1.14053250186635e-09,0.0430105006105006,0
218,8,0.2684151785714285,0.2557983610944061,7.548892315733547e-10,0.0233056898656898,0
219,31,0.0579427083333333,0.0826925436557533,4.642644399420956e-09,0.081219829059829,0
220,5,0.017578125,0.0043673202685542,1.9059342666156427e-09,0.1147280097680097,0
221,8,0.2204241071428571,0.485794368521215,4.5327307341959356e-10,0.0076018559218559,0
222,0,0.0,0.0,3.695240549307055e-10,0.0065015873015873,0
223,11,0.030078125,0.0342794303584981,6.133445444800756e-10,0.0063015384615384,0
224,0,0.0,0.0,3.908647044178179e-10,0.0053012942612942,0
225,0,0.0,0.0,2.4064888553355806e-10,0.0055013431013431,0
226,0,0.0,0.0,2.3904377826081116e-10,0.005001221001221,0
227,7,0.0768229166666666,0.1351973885689663,4.758013001044709e-10,0.0052012698412698,0
228,0,0.0,0.0,1.8717308062689243e-10,0.0051012454212454,0
229,8,0.1127232142857142,0.210009829455179,9.057450505610417e-10,0.0073017826617826,0
230,1,0.0,0.0,8.941387882336257e-10,0.0084020512820512,0
231,6,0.378125,0.5388439321390981,1.0437097932190079e-09,0.0071017338217338,0
232,4,0.0169270833333333,0.0073656956373598,3.0548493089844967e-10,0.006201514041514,0
233,0,0.0,0.0,2.9096694312038857e-10,0.006201514041514,0
234,0,0.0,0.0,3.390459399845846e-10,0.0047011477411477,0
235,2,0.01171875,0.0,3.733951198480159e-10,0.0058014163614163,0
236,0,0.0,0.0,6.708671358911742e-10,0.0061014896214896,0
237,0,0.0,0.0,3.054589651716483e-10,0.0056013675213675,0
238,4,0.24609375,0.3286980363320439,6.169269208546337e-10,0.0067016361416361,0
239,18,0.0466452205882352,0.0834089769634823,1.0488030363087595e-09,0.0164040048840048,0
240,9,0.1826171875,0.2043583910431526,1.1246263572270898e-09,0.0268065445665445,0
241,27,0.0652043269230769,0.1337757122882358,1.4378896646868256e-08,0.0920224664224664,0
242,28,0.0532407407407407,0.061773740337498,4.671751357203795e-09,0.070017094017094,0
243,56,0.0352982954545454,0.0355678527976359,5.667811107807959e-09,0.0542132356532356,0
244,18,0.0537683823529411,0.1084398160769481,1.6439644992543916e-09,0.046211282051282,0
245,6,0.28515625,0.3084008495195416,1.129557472198555e-09,0.007401807081807,0
246,13,0.109375,0.2401682031155673,9.344000708127597e-09,0.0846206593406593,0
247,31,0.0462239583333333,0.0832564953372529,2.35918541531093e-09,0.0277067643467643,0
248,6,0.12421875,0.1781763906129962,1.0032087341840088e-09,0.0118028815628815,0
249,18,0.0448069852941176,0.0511443755929254,2.066524810532365e-09,0.0095023199023199,0
250,6,0.07734375,0.0948310071752641,1.0659111762376982e-09,0.0086021001221001,0
251,7,0.0852864583333333,0.1056233595420358,3.052797843605993e-10,0.0061014896214896,0
252,0,0.0,0.0,3.8747612727838224e-10,0.0070017094017094,0
253,4,0.0572916666666666,0.0537809281980817,8.946030609263208e-10,0.0090021978021978,0
254,8,0.1808035714285714,0.3253879405605637,1.2785898032235028e-09,0.0121029548229548,0
255,3,0.43359375,0.09375,4.4804554022874744e-10,0.0099024175824175,0
256,32,0.0575856854838709,0.1507211319788427,4.671722395812368e-09,0.1537375335775335,0
257,47,0.0369395380434782,0.0564056249973555,4.98503220362767e-09,0.0720175824175824,0
258,33,0.05908203125,0.0682599025151797,2.033084064219595e-09,0.0408099633699633,0
259,18,0.0850183823529411,0.1280401315310692,1.7194684633386555e-09,0.0190046398046398,0
260,13,0.119140625,0.0962595432058719,8.85395543271001e-10,0.0182044444444444,0
261,4,0.29296875,0.2205792194593399,8.000882713580172e-10,0.0253061782661782,0
262,6,0.03671875,0.0239016539699661,6.800677880934862e-10,0.0113027594627594,0
263,21,0.0900390625,0.1545783380213709,4.252266378691516e-09,0.0229055921855921,0
264,23,0.0626775568181818,0.1192263295079451,1.9379967952212113e-09,0.0142034676434676,0
265,16,0.12421875,0.1610095409148942,2.6269857273119633e-09,0.0591144322344322,0
266,12,0.1257102272727272,0.1367828399073881,9.096237234415461e-10,0.0232056654456654,0
267,17,0.078125,0.0918176505745559,1.0595979504762127e-09,0.0166040537240537,0
268,13,0.1220703125,0.2310039964470565,1.6588409261085543e-09,0.0522127472527472,0
269,4,0.0559895833333333,0.0181359222359168,9.544936513806705e-09,0.0846206593406593,0
270,9,0.14501953125,0.2016400565043686,2.2329775224521103e-09,0.0189046153846153,0
271,13,0.1630859375,0.347722536547013,1.4651577438722583e-09,0.0140034188034188,0
272,19,0.0987413194444444,0.1407262701734195,4.442231989463273e-09,0.0122029792429792,0
273,7,0.1875,0.2979950772759999,1.618106695580654e-09,0.0401097924297924,0
274,25,0.0797526041666666,0.1075515118969383,6.276543008962021e-09,0.0472115262515262,0
275,23,0.0850497159090909,0.142398907728077,8.941868172866341e-10,0.0213052014652014,0
276,21,0.076953125,0.1706503780062379,1.945368728112547e-09,0.0540131868131868,0
277,6,0.30546875,0.2604200520613284,5.690311353214854e-10,0.0091022222222222,0
278,4,0.5677083333333334,0.4132181511639933,6.488600261494033e-10,0.0179043711843711,0
279,27,0.0489783653846153,0.0715800442306625,3.335573789975117e-09,0.0749182905982905,0
280,11,0.1734375,0.2185350506426257,7.863742491504051e-10,0.0213052014652014,0
281,30,0.0647898706896551,0.0757485907213171,1.2970852550079312e-09,0.0356086935286935,0
282,7,0.23046875,0.3141638647573441,5.483302029103882e-10,0.0140034188034188,0
283,3,0.65234375,0.640625,1.0699623613142383e-09,0.006201514041514,0
284,0,0.0,0.0,2.9576589069635083e-10,0.0057013919413919,0
285,0,0.0,0.0,2.767139295656352e-10,0.0055013431013431,0
286,2,1.32421875,0.0,6.649325169471687e-10,0.0096023443223443,0
287,15,0.0864955357142857,0.1009905895166394,8.688140690201128e-10,0.058114188034188,0
288,21,0.094921875,0.1619850803616358,1.3879026746300095e-09,0.0486118681318681,0
289,5,0.033203125,0.0221832357257823,5.270120284786608e-10,0.0223054456654456,0
290,14,0.046875,0.0273222786578589,7.065816941503752e-10,0.0147035897435897,0
291,21,0.09296875,0.2094879301322482,3.843943052648409e-09,0.0180043956043956,0
292,8,0.1277901785714285,0.2701227196691187,2.8723904312951068e-08,0.0226055189255189,0
293,54,0.0294811320754717,0.0182047482520049,8.590044068765738e-09,0.0871212698412698,0
294,51,0.0384375,0.0189017298315524,3.558921144579626e-09,0.0542132356532356,0
295,11,0.196875,0.2439402302563068,1.658625729185768e-09,0.0276067399267399,0
296,11,0.151953125,0.2017414570149517,9.450328846405426e-10,0.0255062271062271,0
297,23,0.0733309659090909,0.100904307209071,2.170882540502504e-09,0.0278067887667887,0
298,18,0.0496323529411764,0.0298324124395541,1.6433501556441114e-09,0.0244059584859584,0
299,13,0.1383463541666666,0.2668260336549957,7.806216162500502e-10,0.010002442002442,0
300,2,0.05078125,0.0,4.110557425632975e-10,0.0095023199023199,0
301,10,0.1453993055555555,0.3495106877792345,8.674961326575336e-10,0.0070017094017094,0
302,0,0.0,0.0,2.1842739068013788e-10,0.0064015628815628,0
303,0,0.0,0.0,2.0141291418907027e-10,0.0073017826617826,0
304,2,0.02734375,0.0,2.5482932818097653e-10,0.0059014407814407,0
305,0,0.0,0.0,2.3152511603890952e-10,0.0051012454212454,0
306,0,0.0,0.0,4.3408138701322074e-10,0.005001221001221,0
307,2,0.11328125,0.0,4.272777388061842e-10,0.0072017582417582,0
308,0,0.0,0.0,2.64635256051522e-10,0.0054013186813186,0
309,5,0.2373046875,0.2704690292594962,5.372487409589628e-10,0.0053012942612942,0
310,0,0.0,0.0,3.2093567453142767e-10,0.0055013431013431,0
311,0,0.0,0.0,6.21456757115239e-10,0.0068016605616605,0
312,9,0.0576171875,0.0706845085124905,6.165323037704562e-10,0.0076018559218559,0
313,0,0.0,0.0,2.8020044059564435e-10,0.0076018559218559,0
314,11,0.164453125,0.395922862853458,6.09839299481298e-10,0.0277067643467643,0
315,21,0.089453125,0.1663938705782626,1.9051875197536824e-09,0.0541132112332112,0
316,6,0.12109375,0.1377970867231052,4.5851679507958116e-10,0.0082020024420024,0
317,1,0.0,0.0,5.938605530695732e-10,0.0089021733821733,0
318,2,1.03125,0.0,4.3337002440138886e-10,0.0082020024420024,0
319,5,0.1240234375,0.1130916719185114,6.731859689964084e-10,0.0090021978021978,0
320,0,0.0,0.0,4.4826855185285815e-10,0.0105025641025641,0
321,3,0.796875,0.3125,3.6004951838285166e-10,0.0077018803418803,0
322,9,0.1904296875,0.2068353842060588,1.1675256140972711e-09,0.0082020024420024,0
323,3,0.224609375,0.212890625,3.8316773725570656e-10,0.0073017826617826,0
324,10,0.1019965277777777,0.1372873153430043,6.454361165899627e-10,0.0060014652014652,0
325,0,0.0,0.0,2.2999391502711094e-10,0.0070017094017094,0
326,4,0.1484375,0.19059404632567,5.968641814809968e-10,0.0055013431013431,0
327,0,0.0,0.0,2.0270945053454207e-10,0.0054013186813186,0
328,1,0.0,0.0,1.025419630068497e-09,0.0067016361416361,0
329,2,0.01171875,0.0,7.823521134017929e-10,0.0078019047619047,0
330,20,0.088610197368421,0.1071874507865953,1.185773451255365e-09,0.0313076434676434,0
331,25,0.0537109375,0.0501671856993801,2.513695600384302e-09,0.0292071306471306,0
332,10,0.1727430555555555,0.2718317046376657,9.100437949396282e-10,0.0335081807081807,0
333,2,0.19921875,0.0,3.0075093811357545e-10,0.0052012698412698,0
334,1,0.0,0.0,5.297783203518093e-10,0.006201514041514,0
335,0,0.0,0.0,1.8372735349755724e-10,0.0057013919413919,0
336,0,0.0,0.0,3.3865449036150725e-10,0.0057013919413919,0
337,7,0.0826822916666666,0.1517988496683478,3.5688851683013757e-10,0.0049011965811965,0
338,0,0.0,0.0,2.0032578435165427e-10,0.0051012454212454,0
339,0,0.0,0.0,1.6456844352906624e-10,0.0048011721611721,0
340,1,0.0,0.0,2.461425809640095e-10,0.0051012454212454,0
341,0,0.0,0.0,1.839033202586316e-10,0.0047011477411477,0
342,0,0.0,0.0,2.3200566164308152e-10,0.0044010744810744,0
343,0,0.0,0.0,2.1251708821677915e-10,0.005001221001221,0
344,0,0.0,0.0,3.2680817885860236e-10,0.0049011965811965,0
345,0,0.0,0.0,3.5986659124393776e-10,0.0048011721611721,0
346,9,0.10009765625,0.155490555504031,5.724567669221971e-10,0.0089021733821733,0
347,5,0.1669921875,0.2345275382523989,5.521303688785945e-10,0.0058014163614163,0
348,9,0.1630859375,0.3872892237205401,8.430093201742124e-10,0.0061014896214896,0
349,8,0.1143973214285714,0.2140734393152981,5.762835584321391e-10,0.0053012942612942,0
350,3,0.427734375,0.400390625,6.192871365275782e-10,0.0054013186813186,0
351,5,0.107421875,0.1657626749431152,1.1078167349286855e-09,0.0054013186813186,0
352,3,0.03125,0.01953125,6.418209498008605e-10,0.0052012698412698,0
353,0,0.0,0.0,1.792590407574382e-10,0.0051012454212454,0
354,0,0.0,0.0,2.34505052260604e-10,0.0046011233211233,0
355,0,0.0,0.0,2.707632799723001e-10,0.0046011233211233,0
356,0,0.0,0.0,4.100666258175416e-10,0.0044010744810744,0
357,3,0.11328125,0.1015625,2.5601454681697347e-10,0.0046011233211233,0
358,0,0.0,0.0,2.6820939143655487e-10,0.0049011965811965,0
359,0,0.0,0.0,2.2118575021505422e-10,0.0055013431013431,0
360,0,0.0,0.0,2.045206250577702e-10,0.0047011477411477,0
361,9,0.14013671875,0.3353376133483201,2.8920508699726874e-10,0.0044010744810744,0
362,0,0.0,0.0,1.4835775848252948e-10,0.0048011721611721,0
363,0,0.0,0.0,1.732269555586863e-10,0.0045010989010989,0
364,0,0.0,0.0,1.7111400276607462e-10,0.0048011721611721,0
365,0,0.0,0.0,2.7992719277059936e-10,0.0051012454212454,0
366,0,0.0,0.0,2.6910950246716043e-10,0.0046011233211233,0
367,0,0.0,0.0,2.2477965733603326e-10,0.0047011477411477,0
368,0,0.0,0.0,2.7254351540638165e-10,0.0045010989010989,0
369,0,0.0,0.0,2.4007887997271006e-10,0.0052012698412698,0
370,0,0.0,0.0,1.8556029026639148e-10,0.0048011721611721,0
371,0,0.0,0.0,2.0406923943010247e-10,0.0054013186813186,0
372,2,0.01171875,0.0,3.058346788200268e-10,0.0047011477411477,0
373,0,0.0,0.0,2.0264591262759758e-10,0.0045010989010989,0
374,0,0.0,0.0,2.5210506238436635e-10,0.0048011721611721,0
375,2,0.01171875,0.0,5.378785899290134e-10,0.0052012698412698,0
376,2,0.234375,0.0,5.258989765915132e-10,0.005001221001221,0
377,5,0.01953125,0.0113885779196197,4.718563359145433e-10,0.0049011965811965,0
378,0,0.0,0.0,2.670514325333464e-10,0.0047011477411477,0
379,0,0.0,0.0,1.1109840574269373e-10,0.0048011721611721,0
380,0,0.0,0.0,1.66510625967185e-10,0.00430105006105,0
381,0,0.0,0.0,2.3435531095930586e-10,0.0051012454212454,0
382,0,0.0,0.0,1.7029119199591955e-10,0.0046011233211233,0
383,0,0.0,0.0,3.699237548610831e-10,0.005001221001221,0
384,0,0.0,0.0,2.1331977550498609e-10,0.0044010744810744,0
385,0,0.0,0.0,2.7377784337491293e-10,0.0047011477411477,0
386,0,0.0,0.0,2.0588491502096124e-10,0.0076018559218559,0
387,5,0.2958984375,0.3460767203591015,4.2513253370052814e-10,0.0076018559218559,0
388,7,0.1380208333333333,0.2806858008017174,8.160059892560465e-10,0.0055013431013431,0
389,2,0.51171875,0.0,4.5585128251251184e-10,0.0072017582417582,0
390,4,0.4049479166666667,0.5533501827018588,3.6049970143519823e-10,0.0079019291819291,0
391,2,0.01171875,0.0,3.2408587911249307e-10,0.005001221001221,0
392,1,0.0,0.0,3.757696645116517e-10,0.0121029548229548,0
393,5,0.275390625,0.4118964200969363,6.04522323804604e-10,0.0195047619047619,0
394,3,0.568359375,0.521484375,3.115360552230974e-10,0.0084020512820512,0
395,5,0.20703125,0.320502992136969,5.815430387789019e-10,0.0061014896214896,0
396,1,0.0,0.0,5.731052205768894e-10,0.0058014163614163,0
397,5,0.2890625,0.3108722254035309,4.2369938538093295e-10,0.0176042979242979,0
398,4,0.3802083333333333,0.4445160702104562,1.4380721649551776e-09,0.0136033211233211,0
399,11,0.094921875,0.1077877292648756,1.7749484441691971e-09,0.0292071306471306,0
400,1,0.0,0.0,4.094275796213181e-10,0.0114027838827838,0
401,3,0.01171875,0.0,3.8140313530080004e-10,0.0057013919413919,0
402,6,0.115625,0.118343259010072,5.053585306232398e-10,0.0165040293040293,0
403,10,0.1688368055555555,0.1451548785051953,2.0164983294161404e-09,0.0265064713064713,0
404,4,0.2408854166666666,0.3131070492747737,4.963287075938745e-10,0.0068016605616605,0
405,4,0.359375,0.4916601837937713,5.47760532789436e-10,0.0061014896214896,0
406,0,0.0,0.0,2.8464207072265676e-10,0.0083020268620268,0
407,3,0.0390625,0.00390625,3.8612796172463053e-10,0.012403028083028,0
408,0,0.0,0.0,4.0967385307043036e-10,0.0069016849816849,0
409,2,0.25,0.0,6.385967714049787e-10,0.0160039072039072,0
410,2,0.078125,0.0,3.689895413567575e-10,0.0069016849816849,0
411,2,0.02734375,0.0,4.331938066427535e-10,0.0051012454212454,0
412,0,0.0,0.0,3.0645892722501003e-10,0.0052012698412698,0
413,0,0.0,0.0,1.4783890459399847e-10,0.0077018803418803,0
414,0,0.0,0.0,2.057169993997489e-10,0.0048011721611721,0
415,0,0.0,0.0,2.2646925469727662e-10,0.0049011965811965,0
416,1,0.0,0.0,2.25432479280064e-10,0.0079019291819291,0
417,1,0.0,0.0,4.4002690542439845e-10,0.0069016849816849,0
418,0,0.0,0.0,1.9944257343524738e-10,0.0048011721611721,0
419,0,0.0,0.0,1.8828761054608118e-10,0.005001221001221,0
420,0,0.0,0.0,1.9992012279243274e-10,0.0046011233211233,0
421,0,0.0,0.0,1.8684547989149635e-10,0.0047011477411477,0
422,0,0.0,0.0,2.124403656583716e-10,0.0045010989010989,0
423,0,0.0,0.0,2.816448197457813e-10,0.0064015628815628,0
424,0,0.0,0.0,2.8946343162374523e-10,0.0080019536019536,0
425,1,0.0,0.0,2.4217442716183557e-10,0.0065015873015873,0
426,0,0.0,0.0,3.2222844125459736e-10,0.0114027838827838,0
427,11,0.167578125,0.4293835928111257,4.959151474733549e-10,0.0086021001221001,0
428,9,0.20556640625,0.2613317560647868,9.697828141981644e-10,0.0088021489621489,0
429,21,0.0572265625,0.0851192849099087,1.6166491766208455e-09,0.0453110622710622,0
430,30,0.0591325431034482,0.0598572828148651,3.506986094898182e-09,0.1054257387057387,0
431,32,0.0374243951612903,0.0342380398146549,9.675523737567291e-09,0.0999243956043955,0
432,15,0.0705915178571428,0.0669857898879669,7.630139678803253e-10,0.0314076678876678,0
433,10,0.1796875,0.2933995674955865,8.349136069889273e-10,0.0147035897435897,0
434,20,0.0659950657894736,0.1284156004280694,7.23943335792294e-10,0.016203956043956,0
435,11,0.15546875,0.1994927649847231,8.460613526790837e-10,0.0145035409035409,0
436,20,0.1044407894736842,0.1527982324677379,7.949152902449604e-10,0.0267065201465201,0
437,40,0.0485777243589743,0.0425321539329814,1.465861601598781e-09,0.0364088888888888,0
438,13,0.1565755208333333,0.2188979360106045,8.280530528012211e-10,0.0217052991452991,0
439,20,0.0914884868421052,0.1626926076429846,7.310000174941221e-10,0.0168041025641025,0
440,26,0.0509375,0.0426405076262583,2.724482504177158e-09,0.0627153113553113,0
441,31,0.065625,0.1385788640540107,2.5195710258339037e-09,0.0357087179487179,0
442,47,0.041610054347826,0.037848119081399,2.5743761842891882e-09,0.0419102319902319,0
443,43,0.0425967261904761,0.0356468896888705,6.464784774308583e-09,0.0707172649572649,0
444,24,0.0760869565217391,0.0716848778924441,2.131405588205038e-09,0.0392095726495726,0
445,39,0.0460526315789473,0.071905820446228,2.8909822102945383e-09,0.062415238095238,0
446,21,0.0896484375,0.1542868618190819,2.232710847734886e-09,0.1010246642246642,0
447,40,0.0502804487179487,0.0676187818124895,3.248406501510038e-09,0.0525128205128205,0
448,33,0.056396484375,0.0962245516141463,1.7338180719362036e-09,0.0327079853479853,0
449,20,0.0775082236842105,0.0976954128536781,3.1970082575751643e-09,0.055013431013431,0
450,22,0.0777529761904761,0.153296607831162,3.4213124294411492e-09,0.0522127472527472,0
451,65,0.03094482421875,0.0246599404506706,9.420483520187333e-09,0.0984240293040293,0
452,68,0.029151119402985,0.0210988061222047,8.344505846251495e-09,0.0704171916971917,0
453,61,0.0326171875,0.0251017724210539,4.340891753918311e-09,0.0666162637362637,0
454,56,0.0306107954545454,0.0186783021395445,4.379262227436449e-09,0.0622151892551892,0
455,32,0.0598538306451612,0.1183094274101028,1.9726350963215662e-08,0.114327912087912,0
456,6,0.21015625,0.295136769804484,2.348619002684078e-09,0.0478116727716727,0
457,26,0.07078125,0.0824825383982876,1.1467620895333807e-09,0.0241058852258852,0
458,0,0.0,0.0,3.766415257958871e-10,0.0064015628815628,0
459,0,0.0,0.0,3.4580582667951024e-10,0.0058014163614163,0
460,6,0.18984375,0.3543001050707224,1.447502424019136e-09,0.0070017094017094,0
461,9,0.16943359375,0.301205422676585,4.6547950760404966e-10,0.0069016849816849,0
462,0,0.0,0.0,3.2123967916664804e-10,0.0055013431013431,0
463,1,0.0,0.0,3.850424362915777e-10,0.0056013675213675,0
464,0,0.0,0.0,2.3188407458096101e-10,0.0059014407814407,0
465,0,0.0,0.0,2.3644492738471666e-10,0.0054013186813186,0
466,0,0.0,0.0,3.631367621766545e-10,0.005001221001221,0
467,0,0.0,0.0,2.8552189637497547e-10,0.0053012942612942,0
468,0,0.0,0.0,2.4814460506424787e-10,0.0048011721611721,0
469,0,0.0,0.0,2.1682027717398594e-10,0.005001221001221,0
470,0,0.0,0.0,4.028560232100181e-10,0.0086021001221001,0
471,0,0.0,0.0,6.601813625680383e-10,0.0090021978021978,0
472,3,0.025390625,0.013671875,5.659231915084135e-10,0.0054013186813186,0
473,4,0.1888020833333333,0.2129374072579128,4.6024806094775183e-10,0.0054013186813186,0
474,0,0.0,0.0,4.77615983934665e-10,0.0055013431013431,0
475,0,0.0,0.0,3.4612443925630737e-10,0.005001221001221,0
476,0,0.0,0.0,1.6065994212170952e-10,0.0052012698412698,0
477,0,0.0,0.0,2.5885162524356663e-10,0.0053012942612942,0
478,0,0.0,0.0,1.5700540132774564e-10,0.005001221001221,0
0,42,0.0449695121951219,0.0466930056871199,1.693774645514572e-09,0.0605147741147741,0
1,25,0.080078125,0.0845953430769832,1.2058737430088732e-09,0.0385094017094017,0
2,61,0.0326171875,0.030146744305481,4.413353095867976e-09,0.0776189499389499,0
3,71,0.0282366071428571,0.0199417948879881,6.766012166940795e-09,0.0763186324786324,0
4,60,0.0333686440677966,0.0347925962578029,3.9226077492346376e-09,0.0504123076923076,0
5,30,0.0629040948275862,0.0549595376309265,1.0974961176326216e-09,0.0327079853479853,0
6,41,0.0484375,0.0520118324315787,1.4088385285286036e-09,0.0458111843711843,0
7,2,0.28125,0.0,5.071253397260722e-10,0.0348084981684981,0
8,2,0.28515625,0.0,3.3380289095147145e-10,0.0111027106227106,0
9,2,0.58203125,0.0,3.54118789609861e-10,0.010002442002442,0
10,2,0.09375,0.0,2.885683615093528e-10,0.0119029059829059,0
11,0,0.0,0.0,2.2159990667316672e-10,0.0107026129426129,0
12,1,0.0,0.0,2.9754731880561776e-10,0.0106025885225885,0
13,3,0.416015625,0.322265625,3.386563725520342e-10,0.0110026862026862,0
14,2,0.9375,0.0,3.13015058642348e-10,0.011202735042735,0
15,2,0.14453125,0.0,2.980413285944993e-10,0.011202735042735,0
16,0,0.0,0.0,1.9681523812132783e-10,0.0096023443223443,0
17,1,0.0,0.0,2.033953732914928e-10,0.0103025152625152,0
18,2,1.171875,0.0,2.7448285417607757e-10,0.0090021978021978,0
19,0,0.0,0.0,1.83963063501754e-10,0.0105025641025641,0
20,5,0.091796875,0.0917137256396398,3.685062726328752e-10,0.0186045421245421,0
21,7,0.1666666666666666,0.2099304019300537,5.227650053213812e-10,0.0202049328449328,0
22,1,0.0,0.0,3.3047903565875167e-10,0.0092022466422466,0
23,1,0.0,0.0,1.9761841168091167e-10,0.0113027594627594,0
24,2,0.87109375,0.0,3.8803595782905526e-10,0.0133032478632478,0
25,2,0.7265625,0.0,3.008739042063789e-10,0.0097023687423687,0
26,1,0.0,0.0,2.690478653862926e-10,0.0103025152625152,0
27,1,0.0,0.0,2.6384365982723357e-10,0.012403028083028,0
28,4,0.5651041666666666,0.5268403590167413,3.122554264624434e-10,0.011202735042735,0
29,0,0.0,0.0,2.5187111576906666e-10,0.0107026129426129,0
30,0,0.0,0.0,2.0407337652215167e-10,0.0085020757020757,0
31,5,0.0849609375,0.0751064816213818,3.7870181627192835e-10,0.0130031746031746,0
32,8,0.1037946428571428,0.1217285553967498,7.044567097809427e-10,0.0337082295482295,0
33,2,1.72265625,0.0,2.727993651986326e-10,0.012403028083028,0
34,1,0.0,0.0,2.69044851668478e-10,0.0146035653235653,0
35,2,0.09375,0.0,3.360013081224161e-10,0.0080019536019536,0
36,0,0.0,0.0,1.7958887775880678e-10,0.0094022954822954,0
37,2,0.72265625,0.0,2.3776803278291373e-10,0.0110026862026862,0
38,1,0.0,0.0,2.5479831862615744e-10,0.0106025885225885,0
39,0,0.0,0.0,2.2121055180235578e-10,0.009302271062271,0
40,0,0.0,0.0,2.5637631874467954e-10,0.0129031501831501,0
41,2,0.046875,0.0,2.556286604878638e-10,0.009302271062271,0
42,2,1.6171875,0.0,2.6768832282940566e-10,0.0080019536019536,0
43,0,0.0,0.0,2.668967038930409e-10,0.0099024175824175,0
44,1,0.0,0.0,2.3126916608057863e-10,0.0106025885225885,0
45,2,0.20703125,0.0,2.29376745219236e-10,0.0117028571428571,0
46,0,0.0,0.0,2.5872798768861034e-10,0.0098023931623931,0
47,18,0.10546875,0.1189813680653033,1.4628631457171403e-09,0.0527128693528693,0
48,17,0.098876953125,0.0726173707037344,9.561612645003212e-10,0.032407912087912,0
49,9,0.23974609375,0.2251431963152471,5.232715434409572e-10,0.0168041025641025,0
50,31,0.0653645833333333,0.0613163747147507,1.3928713408166247e-09,0.0419102319902319,0
51,9,0.2265625,0.2789962324209381,6.786506669290552e-10,0.0183044688644688,0
52,4,0.5846354166666666,0.1682964745382799,3.5702134404057473e-10,0.0122029792429792,0
53,2,0.125,0.0,2.9200549765024356e-10,0.0140034188034188,0
54,2,0.375,0.0,3.057463626202178e-10,0.0116028327228327,0
55,4,0.4700520833333333,0.2594513358218111,4.1262788121905564e-10,0.0120029304029304,0
56,1,0.0,0.0,2.654214433074895e-10,0.0117028571428571,0
57,1,0.0,0.0,2.696280791518887e-10,0.0111027106227106,0
58,1,0.0,0.0,3.857308247647074e-10,0.0110026862026862,0
59,4,0.1588541666666666,0.1099932920934524,2.9910613595509423e-10,0.0116028327228327,0
60,5,0.4716796875,0.3887589706906845,3.923886864835239e-10,0.0148036141636141,0
61,10,0.1961805555555555,0.2298667822500306,6.386601188798991e-10,0.0182044444444444,0
62,28,0.0568576388888888,0.0465402463081951,1.4274183440292072e-09,0.038109304029304,0
63,37,0.0549045138888888,0.0471449874862237,2.3001256408765567e-09,0.0435106227106227,0
64,33,0.0609130859375,0.1094789692047883,3.160836282758501e-09,0.0444108424908425,0
65,11,0.139453125,0.0895042839516809,6.254445085274411e-10,0.0198048351648351,0
66,14,0.1316105769230769,0.1548190532366732,7.581287982744598e-10,0.0128031257631257,0
67,12,0.1768465909090909,0.3340828615633653,1.336976024247086e-09,0.0167040781440781,0
68,7,0.3053385416666667,0.2772650330877185,5.413478723932593e-10,0.0148036141636141,0
69,7,0.2740885416666667,0.2177994678794012,4.2399509603178327e-10,0.0136033211233211,0
70,7,0.244140625,0.1792730444402912,4.789768117621254e-10,0.0166040537240537,0
71,16,0.1231770833333333,0.1274409032091498,7.534135429525194e-10,0.0187045665445665,0
72,1,0.0,0.0,2.7769456946568903e-10,0.0106025885225885,0
73,0,0.0,0.0,2.2720640949235266e-10,0.009302271062271,0
74,0,0.0,0.0,2.1317316264660582e-10,0.0105025641025641,0
75,3,0.02734375,0.01171875,3.0948118769203925e-10,0.0139033943833943,0
76,17,0.10107421875,0.1213680974252782,8.931593643031943e-10,0.0194047374847374,0
77,7,0.2141927083333333,0.1600834544080587,5.330615938230979e-10,0.0357087179487179,0
78,7,0.2701822916666667,0.3106669600980625,3.3772573649090357e-10,0.0155037851037851,0
79,5,0.1474609375,0.09605622838333,5.99979256303661e-10,0.0125030525030525,0
80,3,0.638671875,0.345703125,3.350178169832473e-10,0.0141034432234432,0
81,4,0.3736979166666667,0.3773301807716691,3.105658256070344e-10,0.0221053968253968,0
82,12,0.1196732954545454,0.2215556225546732,1.1514454565178575e-09,0.0268065445665445,0
83,15,0.0853794642857142,0.0650273249754517,1.356380493107828e-09,0.0141034432234432,0
84,8,0.125,0.1207422172883796,5.086863069521037e-10,0.0144035164835164,0
85,8,0.2449776785714285,0.1548586811799663,5.377473659582176e-10,0.0215052503052503,0
86,10,0.1901041666666666,0.1336904194593177,5.653049833509997e-10,0.0172042002442002,0
87,17,0.093994140625,0.1206160938354934,1.0254550964315155e-09,0.034308376068376,0
88,10,0.2157118055555555,0.2989396055319437,4.91486905824131e-10,0.0183044688644688,0
89,8,0.14453125,0.119581207464097,5.109568734010698e-10,0.0159038827838827,0
90,3,0.703125,0.61328125,4.0113265881495045e-10,0.0141034432234432,0
91,6,0.2453125,0.1732614534453639,3.7239884763350877e-10,0.0139033943833943,0
92,17,0.098388671875,0.2300223213228059,1.2573130224243432e-09,0.0340083028083028,0
93,18,0.1135110294117647,0.1128284767187918,8.815622287362786e-10,0.026206398046398,0
94,9,0.21630859375,0.2247871027481106,5.35720228125219e-10,0.0172042002442002,0
95,5,0.2197265625,0.0488183583982421,4.2187649317342535e-10,0.0149036385836385,0
96,34,0.0570549242424242,0.0535592783444153,5.0462885345898166e-09,0.075018315018315,0
97,25,0.0642903645833333,0.0540440565535222,2.955506124759787e-09,0.0814198778998779,0
98,14,0.1526442307692307,0.133986797557972,6.25421759180058e-10,0.0178043467643467,0
99,12,0.0621448863636363,0.0454462217165624,2.205547651753009e-09,0.0548133821733821,0
100,9,0.208984375,0.3272052772450824,6.13346964772102e-10,0.021205177045177,0
101,2,0.91796875,0.0,3.6645277656180816e-10,0.011202735042735,0
102,3,0.447265625,0.294921875,3.6230292673172705e-10,0.0158038583638583,0
103,3,0.46484375,0.19140625,4.5179942772090206e-10,0.0169041269841269,0
104,2,0.16796875,0.0,2.8142609138631343e-10,0.0098023931623931,0
105,4,0.2890625,0.1200602740336772,3.5016850205866904e-10,0.0136033211233211,0
106,3,0.548828125,0.408203125,4.526616730614555e-10,0.0103025152625152,0
107,2,1.5,0.0,2.784902148455261e-10,0.0103025152625152,0
108,0,0.0,0.0,3.4869931316817756e-10,0.0102024908424908,0
109,3,0.58984375,0.21875,4.782064787001257e-10,0.0123030036630036,0
110,12,0.0454545454545454,0.0380286748017828,6.70800327445245e-10,0.0253061782661782,0
111,5,0.2919921875,0.3183339114624952,4.866273321458761e-10,0.0171041758241758,0
112,3,0.033203125,0.009765625,3.3060214384762224e-10,0.0091022222222222,0
113,3,0.087890625,0.052734375,1.3240435344845255e-09,0.0137033455433455,0
114,0,0.0,0.0,2.3296688155319107e-10,0.0090021978021978,0
115,4,0.0611979166666666,0.0384500600526911,3.224920626534637e-10,0.0086021001221001,0
116,0,0.0,0.0,1.4524960967841002e-10,0.0076018559218559,0
117,0,0.0,0.0,2.3000680325686043e-10,0.0078019047619047,0
118,0,0.0,0.0,1.6907244159991408e-10,0.0069016849816849,0
119,0,0.0,0.0,1.4536828318879594e-10,0.0075018315018315,0
120,0,0.0,0.0,2.3358421383976555e-10,0.0067016361416361,0
121,0,0.0,0.0,2.720025457791597e-10,0.0068016605616605,0
122,1,0.0,0.0,2.0832609749877376e-10,0.0072017582417582,0
123,0,0.0,0.0,3.4261613802736736e-10,0.0087021245421245,0
124,0,0.0,0.0,3.305854819190441e-10,0.0068016605616605,0
125,7,0.1471354166666666,0.2906476339005943,5.762680536547293e-10,0.0071017338217338,0
126,4,0.0169270833333333,0.0073656956373598,3.5776609515162616e-10,0.0069016849816849,0
127,4,0.0390625,0.0386699020961393,3.4177588729443116e-10,0.0070017094017094,0
128,0,0.0,0.0,4.1973542399509656e-10,0.0064015628815628,0
129,0,0.0,0.0,1.8327162578679288e-10,0.0082020024420024,0
130,0,0.0,0.0,2.394953805267449e-10,0.0075018315018315,0
131,0,0.0,0.0,2.1808586103600978e-10,0.0076018559218559,0
132,1,0.0,0.0,7.290628986842928e-10,0.0089021733821733,0
133,4,0.53125,0.5111170524214993,2.190400161509651e-09,0.007401807081807,0
134,0,0.0,0.0,3.828146291115613e-10,0.007401807081807,0
135,6,0.3453125,0.5991764774854526,8.842194816782727e-10,0.0086021001221001,0
136,0,0.0,0.0,2.8347353789203604e-10,0.008101978021978,0
137,0,0.0,0.0,2.0973034673956142e-10,0.0076018559218559,0
138,0,0.0,0.0,2.603082706619794e-10,0.0090021978021978,0
139,3,0.64453125,0.6328125,3.639635982255602e-10,0.0078019047619047,0
140,0,0.0,0.0,2.17829701427744e-10,0.0086021001221001,0
141,0,0.0,0.0,2.8038796372702046e-10,0.0068016605616605,0
142,0,0.0,0.0,1.6925037149968466e-10,0.0067016361416361,0
143,3,0.328125,0.31640625,3.3412921107518173e-10,0.0078019047619047,0
144,0,0.0,0.0,2.4754072182099883e-10,0.0071017338217338,0
145,1,0.0,0.0,2.59173195049168e-10,0.0069016849816849,0
146,0,0.0,0.0,2.2289391964872726e-10,0.0072017582417582,0
147,1,0.0,0.0,2.7816829504100566e-10,0.0069016849816849,0
148,0,0.0,0.0,1.520422302988695e-10,0.0060014652014652,0
149,0,0.0,0.0,1.998410667137773e-10,0.0063015384615384,0
150,0,0.0,0.0,1.7218174580811939e-10,0.0067016361416361,0
151,0,0.0,0.0,1.5528673542066396e-10,0.0084020512820512,0
152,1,0.0,0.0,2.3327761071007407e-10,0.0063015384615384,0
153,0,0.0,0.0,2.3167632547211296e-10,0.0063015384615384,0
154,3,0.10546875,0.08203125,1.5881390595905247e-09,0.0069016849816849,0
155,2,0.015625,0.0,5.052373110308663e-10,0.0082020024420024,0
156,0,0.0,0.0,1.9074450512179448e-10,0.0087021245421245,0
157,1,0.0,0.0,3.0937967694063155e-10,0.0103025152625152,0
158,0,0.0,0.0,1.6108170829009884e-10,0.008101978021978,0
159,3,0.01171875,0.00390625,2.54795587935755e-10,0.0089021733821733,0
160,0,0.0,0.0,2.213649846033088e-10,0.0070017094017094,0
161,1,0.0,0.0,2.6649585088802117e-10,0.0140034188034188,0
162,9,0.2216796875,0.3694440613810785,4.728494855097418e-10,0.0207050549450549,0
163,39,0.0517064144736842,0.0484374520052148,1.974909654854709e-09,0.0478116727716727,0
164,18,0.1096047794117647,0.1178707912535662,7.401207447352707e-10,0.0290070818070818,0
165,9,0.1513671875,0.1612807086417358,5.944764597365902e-10,0.0175042735042735,0
166,9,0.21142578125,0.3204222700392171,1.4055016749399186e-09,0.0165040293040293,0
167,11,0.169140625,0.1342983293260405,7.064385306157856e-10,0.0208050793650793,0
168,18,0.09375,0.1130075611164372,9.784856305002823e-10,0.0219053479853479,0
169,35,0.051125919117647,0.0495680847943053,1.927741428555588e-09,0.0523127716727716,0
170,24,0.084578804347826,0.0918310795408079,1.1033874933657442e-09,0.0288070329670329,0
171,26,0.07890625,0.0498410559616768,1.1790043830580115e-09,0.0284069352869352,0
172,24,0.0835597826086956,0.0980646293417859,2.556519973209533e-09,0.040009768009768,0
173,18,0.1070772058823529,0.1084938477294177,1.2280572731708834e-09,0.0380092796092796,0
174,33,0.044189453125,0.0227444215579472,1.902624490480774e-09,0.0361088156288156,0
175,29,0.0689174107142857,0.0777839534619773,1.199862287363718e-09,0.0313076434676434,0
176,18,0.1045496323529411,0.0946886357306811,8.06145831353306e-10,0.0258063003663003,0
177,13,0.1328125,0.1559812141257922,1.0251874730483359e-09,0.0258063003663003,0
178,28,0.062355324074074,0.0604264079480084,1.52572123304724e-09,0.0344084004884004,0
179,40,0.0502804487179487,0.0478757643956242,2.029225571310049e-09,0.0417101831501831,0
180,59,0.0339439655172413,0.0204164554392136,5.668676585251677e-09,0.0799195115995116,0
181,38,0.0499366554054054,0.0379718425406724,2.0300242414725588e-09,0.047411575091575,0
182,5,0.474609375,0.2835800293685023,4.1267351036267006e-10,0.0186045421245421,0
183,14,0.125,0.2108595831877588,8.85025133765976e-10,0.0187045665445665,0
184,3,0.54296875,0.1328125,3.38067079197173e-10,0.0144035164835164,0
185,5,0.326171875,0.4169681729765362,3.9750059482345416e-10,0.0172042002442002,0
186,5,0.1513671875,0.0454180310712245,3.2507824543224035e-10,0.0155037851037851,0
187,17,0.097900390625,0.1438067034133832,8.734423452429403e-10,0.0295072039072039,0
188,10,0.2005208333333333,0.2039579609291799,4.73082909164926e-10,0.0179043711843711,0
189,9,0.20068359375,0.1812931141054339,5.814320576740447e-10,0.0161039316239316,0
190,5,0.412109375,0.2361020354477659,4.2903782979332417e-10,0.0188045909645909,0
191,10,0.1731770833333333,0.1484489213442249,4.39829662106734e-10,0.0158038583638583,0
192,2,0.8984375,0.0,3.0541512212900707e-10,0.0137033455433455,0
193,6,0.21484375,0.1013519452051858,4.1504518515164106e-10,0.0152037118437118,0
194,2,1.25390625,0.0,3.26719147519571e-10,0.0099024175824175,0
195,3,0.4609375,0.078125,2.59840704718223e-10,0.011202735042735,0
196,22,0.0673363095238095,0.1262372775829665,2.0901852895442637e-09,0.0326079609279609,0
197,23,0.0802556818181818,0.1048006463846083,1.5866608219758972e-09,0.0298072771672771,0
198,14,0.1430288461538461,0.1463473995922669,8.43351380349148e-10,0.0251061294261294,0
199,2,0.171875,0.0,5.065774120504546e-10,0.0139033943833943,0
200,14,0.1234975961538461,0.2472644546960208,8.290388867784126e-10,0.0167040781440781,0
201,10,0.1710069444444444,0.3013065723800488,8.276616317138296e-10,0.0149036385836385,0
202,15,0.0929129464285714,0.0671111902388078,1.7387205766798826e-09,0.0505123321123321,0
203,11,0.107421875,0.1227115967882747,5.282071571506093e-10,0.0140034188034188,0
204,6,0.109375,0.166756160868197,6.75824515340598e-10,0.0169041269841269,0
205,5,0.41015625,0.6630679593015665,5.797061751503142e-10,0.0229055921855921,0
206,14,0.1451322115384615,0.2429367971983035,1.1322972334547996e-09,0.0285069597069597,0
207,16,0.13046875,0.1632345178340047,1.1952072248675384e-09,0.0428104517704517,0
208,33,0.056640625,0.0840921818967277,1.5475404964473186e-09,0.0354086446886446,0
209,24,0.080672554347826,0.0954444408714908,7.967148082318068e-10,0.0270065934065934,0
210,18,0.1006433823529411,0.1026658937401158,1.8198538651434714e-09,0.0279068131868131,0
211,1,0.0,0.0,2.3048993454356318e-10,0.011202735042735,0
212,5,0.0419921875,0.0439670085331657,7.90999194851072e-10,0.0103025152625152,0
213,2,0.109375,0.0,3.9460701865120354e-10,0.0105025641025641,0
214,7,0.2265625,0.3472976263610819,8.03311453334347e-10,0.0132032234432234,0
215,7,0.2135416666666666,0.2231544438633751,6.36122030960916e-10,0.0165040293040293,0
216,4,0.3528645833333333,0.1971355886723159,3.3098673034713557e-10,0.0111027106227106,0
217,0,0.0,0.0,6.191128038712743e-10,0.0102024908424908,0
218,13,0.0856119791666666,0.1497378141879184,9.233877960769559e-10,0.0168041025641025,0
219,7,0.2916666666666667,0.5755488186069244,5.249025151097036e-10,0.0096023443223443,0
220,7,0.2330729166666666,0.196593024480284,5.93565568040442e-10,0.0196047863247863,0
221,3,0.435546875,0.330078125,4.0846795654487956e-10,0.013103199023199,0
222,1,0.0,0.0,2.5081371895131046e-10,0.0108026373626373,0
223,11,0.03125,0.042107853056912,9.871636044498335e-10,0.0090021978021978,0
224,5,0.12109375,0.1033127434018608,4.3177429663378604e-10,0.0376091819291819,0
225,23,0.0845170454545454,0.1043683749969754,2.620548169821292e-09,0.026206398046398,0
226,15,0.0895647321428571,0.1290538275711113,2.327824804587625e-09,0.0227055433455433,0
227,10,0.0364583333333333,0.0318411959912434,5.980833337060442e-10,0.0156038095238095,0
228,1,0.0,0.0,3.3058703973453276e-10,0.0098023931623931,0
229,0,0.0,0.0,2.455992521926588e-10,0.0097023687423687,0
230,2,0.0234375,0.0,3.224928104048983e-10,0.0056013675213675,0
231,0,0.0,0.0,2.0246405761515646e-10,0.0061014896214896,0
232,0,0.0,0.0,3.2940070121846675e-10,0.006201514041514,0
233,3,0.3671875,0.35546875,3.196455196970306e-10,0.0086021001221001,0
234,0,0.0,0.0,2.4045382548702136e-10,0.006201514041514,0
235,6,0.1234375,0.1340839872057808,5.70447660730685e-10,0.020004884004884,0
236,39,0.0513980263157894,0.0395784827330037,2.065849525762529e-09,0.0458111843711843,0
237,21,0.0955078125,0.0965126397744381,8.744206114398422e-10,0.0257062759462759,0
238,6,0.04453125,0.0245317476064181,7.497676869071098e-10,0.0175042735042735,0
239,10,0.1636284722222222,0.1667118717630163,1.4967022152590486e-09,0.0266064957264957,0
240,1,0.0,0.0,2.845750479679051e-10,0.0120029304029304,0
241,5,0.4013671875,0.3772856673562891,8.57147012288095e-10,0.0102024908424908,0
242,21,0.0787109375,0.1673784822952138,1.2697965113272459e-09,0.0291071062271062,0
243,0,0.0,0.0,3.6981152692147424e-10,0.0107026129426129,0
244,2,0.3359375,0.0,2.533961961674873e-10,0.0103025152625152,0
245,1,0.0,0.0,2.4785605454103616e-10,0.0077018803418803,0
246,0,0.0,0.0,1.9502574081901003e-10,0.0083020268620268,0
247,2,0.55078125,0.0,2.8352264955401403e-10,0.0099024175824175,0
248,1,0.0,0.0,2.9825120040893845e-10,0.0095023199023199,0
249,2,0.1953125,0.0,3.9970497071143823e-10,0.0099024175824175,0
250,5,0.197265625,0.149091384616271,4.4694112126003144e-10,0.0141034432234432,0
251,1,0.0,0.0,2.405929742253574e-10,0.0101024664224664,0
252,0,0.0,0.0,1.85960074056743e-10,0.0075018315018315,0
253,0,0.0,0.0,1.9949937459094967e-10,0.0069016849816849,0
254,7,0.123046875,0.1572033092923745,3.4204477265374703e-10,0.0128031257631257,0
255,15,0.1283482142857142,0.1572364033276309,1.0357500840230351e-09,0.0204049816849816,0
256,2,0.22265625,0.0,2.8925718092957104e-10,0.0110026862026862,0
257,0,0.0,0.0,2.2036432313446963e-10,0.0067016361416361,0
258,2,0.53515625,0.0,6.454393306399371e-10,0.0084020512820512,0
259,3,0.02734375,0.00390625,4.813076397554419e-10,0.0136033211233211,0
260,1,0.0,0.0,2.1915561147618151e-10,0.0086021001221001,0
261,0,0.0,0.0,1.7741680193746354e-10,0.0082020024420024,0
262,0,0.0,0.0,1.6183183866906394e-10,0.0083020268620268,0
263,3,0.064453125,0.041015625,2.793677110541236e-10,0.0080019536019536,0
264,0,0.0,0.0,2.4037772023120006e-10,0.0072017582417582,0
265,0,0.0,0.0,1.459218708302957e-10,0.0076018559218559,0
266,4,0.0703125,0.0407200410706038,3.81053361755342e-10,0.0159038827838827,0
267,2,1.44921875,0.0,3.4098385488180577e-10,0.0087021245421245,0
268,23,0.0857599431818181,0.1936809598827167,2.1677653790806263e-09,0.071217387057387,0
269,68,0.0278101679104477,0.0116802537016242,9.47994843729734e-09,0.1049256166056165,0
270,23,0.087890625,0.0843058395793577,3.099531115008736e-09,0.1030251526251526,0
271,35,0.0480238970588235,0.0629331370331639,5.946463228309897e-09,0.0865211233211233,0
272,5,0.37109375,0.3503668905701743,4.5269072879535326e-10,0.0152037118437118,0
273,14,0.0291466346153846,0.0124109834303265,1.0060626451709326e-09,0.0383093528693528,0
274,1,0.0,0.0,3.2551232620486276e-10,0.0102024908424908,0
275,9,0.24609375,0.3250999883749709,8.230280140765487e-10,0.0234057142857142,0
276,2,0.41015625,0.0,3.2320122219389607e-10,0.0110026862026862,0
277,11,0.152734375,0.213357429732985,5.599958456700672e-10,0.0139033943833943,0
278,24,0.0754076086956521,0.0903880515929856,1.513507558369337e-09,0.0297072527472527,0
279,10,0.1506076388888889,0.184850998737313,6.850278912449813e-10,0.025006105006105,0
280,0,0.0,0.0,2.3014346706110666e-10,0.0097023687423687,0
281,2,0.9921875,0.0,2.7681262343722277e-10,0.0101024664224664,0
282,3,0.494140625,0.357421875,3.0771107136148343e-10,0.015003663003663,0
283,1,0.0,0.0,2.745108395305854e-10,0.0109026617826617,0
284,0,0.0,0.0,2.5976819612350747e-10,0.0122029792429792,0
285,2,1.2890625,0.0,2.84920466618326e-10,0.0097023687423687,0
286,2,1.73046875,0.0,2.7249108661654447e-10,0.009302271062271,0
287,0,0.0,0.0,2.6797455555611464e-10,0.0117028571428571,0
288,2,0.62890625,0.0,2.1683738635575857e-10,0.0103025152625152,0
289,4,0.2734375,0.2182611725734217,2.707341729906404e-10,0.0116028327228327,0
290,3,0.123046875,0.115234375,3.1037992435084917e-10,0.0111027106227106,0
291,2,1.12890625,0.0,3.5759816497139065e-10,0.0107026129426129,0
292,3,0.43359375,0.34375,3.3752679267932237e-10,0.0118028815628815,0
293,3,0.94140625,0.5078125,7.266865172542827e-10,0.0190046398046398,0
294,26,0.0584375,0.0776271638184727,1.1939353765489868e-09,0.0370090354090354,0
295,0,0.0,0.0,2.1409411986907404e-10,0.0113027594627594,0
296,8,0.0452008928571428,0.0544020428881872,6.977775330697147e-10,0.0118028815628815,0
297,2,1.66796875,0.0,2.5845686315151737e-10,0.0113027594627594,0
298,10,0.0607638888888888,0.0340594293694677,6.11008223658464e-10,0.0263064224664224,0
299,10,0.0963541666666666,0.1235401955013585,5.773921616641397e-10,0.0187045665445665,0
300,7,0.1985677083333333,0.1576825067091845,3.676837111131983e-10,0.0122029792429792,0
301,0,0.0,0.0,2.203352371178035e-10,0.0117028571428571,0
302,0,0.0,0.0,3.3945346218697864e-10,0.0144035164835164,0
303,9,0.2158203125,0.2905548339147543,5.805346441392686e-10,0.0208050793650793,0
304,5,0.29296875,0.3037219275543729,3.2653321132173e-10,0.013103199023199,0
305,2,1.68359375,0.0,2.2363389307070623e-10,0.0108026373626373,0
306,0,0.0,0.0,2.8561476954906436e-10,0.0115028083028083,0
307,4,0.57421875,0.6688780664953379,4.521447974530048e-10,0.016203956043956,0
308,1,0.0,0.0,2.0255049628332595e-10,0.0110026862026862,0
309,8,0.1662946428571428,0.2017127366849795,4.865250066715267e-10,0.0183044688644688,0
310,4,0.2630208333333333,0.3254843729581046,4.0359933530721066e-10,0.0166040537240537,0
311,8,0.1919642857142857,0.2757825824171431,5.970436563843158e-10,0.0106025885225885,0
312,11,0.119921875,0.1409723358070321,6.729055109606847e-10,0.019304713064713,0
313,7,0.0983072916666666,0.1200690995939435,4.834544591655969e-10,0.0188045909645909,0
314,2,0.828125,0.0,2.1207609714935717e-10,0.0107026129426129,0
315,4,0.0716145833333333,0.0319475107978783,5.422927000079015e-10,0.0115028083028083,0
316,5,0.28515625,0.4206525256827554,3.370321079341225e-10,0.0146035653235653,0
317,20,0.0947779605263157,0.1387672086200213,8.498359233020403e-10,0.0268065445665445,0
318,5,0.3271484375,0.2231931403907397,5.692519182503156e-10,0.0192046886446886,0
319,14,0.1409254807692307,0.1303186170041327,5.592149439219035e-10,0.0205050061050061,0
320,2,1.4765625,0.0,3.4887085748034686e-10,0.0133032478632478,0
321,2,0.60546875,0.0,3.4461864898134355e-10,0.0149036385836385,0
322,11,0.14296875,0.1552625045286208,6.222866866654067e-10,0.0316077167277167,0
323,79,0.0249899839743589,0.0117577433457904,6.321772242996201e-09,0.101224713064713,0
324,39,0.051500822368421,0.0584830043275031,3.305371324510518e-09,0.0806196825396825,0
325,55,0.0363859953703703,0.042271436200851,3.073940736133101e-09,0.0487118925518925,0
326,23,0.0870028409090909,0.0965576114481761,9.314827486988658e-10,0.0288070329670329,0
327,12,0.1633522727272727,0.1706504851570113,6.483192574367023e-10,0.0287070085470085,0
328,9,0.2021484375,0.1792597447596882,5.299319116412178e-10,0.0197048107448107,0
329,18,0.1022518382352941,0.1313120483019344,6.571544764081393e-10,0.0226055189255189,0
330,15,0.1015625,0.0679315374321955,7.437827496492789e-10,0.0188045909645909,0
331,50,0.0376275510204081,0.0337017895680137,2.496586898477065e-09,0.0491119902319902,0
332,24,0.08203125,0.0625954603865602,1.1188544097441186e-09,0.0285069597069597,0
333,71,0.0271763392857142,0.0143210926675627,6.010558604331497e-09,0.0933227838827838,0
334,67,0.029888731060606,0.0141577363600119,4.801350811219457e-09,0.0592144566544566,0
335,36,0.0549107142857142,0.0382612335736719,1.3845211632757416e-09,0.0291071062271062,0
336,23,0.0855823863636363,0.1231829778648027,1.211736365835782e-09,0.0273066666666666,0
337,21,0.071484375,0.0971557486819649,9.769054011041187e-10,0.0222054212454212,0
338,7,0.208984375,0.1443683978356059,4.994454596160181e-10,0.0187045665445665,0
339,7,0.1634114583333333,0.1209343849413991,4.811736216169021e-10,0.0185045177045177,0
340,8,0.2444196428571428,0.1746036590085046,4.82235102531863e-10,0.0179043711843711,0
341,16,0.1140625,0.1760166248214686,6.46188300955929e-10,0.0221053968253968,0
342,9,0.1787109375,0.153587545772138,6.428050914371884e-10,0.0173042246642246,0
343,5,0.2919921875,0.2025490444743704,4.575259382393654e-10,0.0145035409035409,0
344,9,0.16064453125,0.1337061715732391,5.940662866272412e-10,0.0202049328449328,0
345,8,0.1964285714285714,0.0867130760921898,4.55230257475278e-10,0.0158038583638583,0
346,7,0.2994791666666667,0.187807184709404,5.748088738015476e-10,0.0207050549450549,0
347,8,0.2014508928571428,0.3230694260275971,5.018324283677421e-10,0.0129031501831501,0
348,18,0.0866268382352941,0.1384523447054378,9.301107226530759e-10,0.0299073015873015,0
349,1,0.0,0.0,4.3830972337296735e-10,0.0161039316239316,0
350,7,0.16015625,0.1070483562972243,3.972550370959253e-10,0.0155037851037851,0
351,8,0.2243303571428571,0.1563038013240708,4.5800083785431757e-10,0.0154037606837606,0
352,1,0.0,0.0,4.0337539889394277e-10,0.0118028815628815,0
353,14,0.1243990384615384,0.1320400165807425,6.996518506591764e-10,0.0251061294261294,0
354,20,0.1005345394736842,0.1516692966433155,1.1715659899725831e-09,0.0379092551892551,0
355,16,0.11171875,0.1805279259041381,7.375714277328288e-10,0.0167040781440781,0
356,4,0.5703125,0.5172303764956112,4.0227205962239145e-10,0.0141034432234432,0
357,2,0.66796875,0.0,3.572817193596153e-10,0.014303492063492,0
358,7,0.1393229166666666,0.1221323627016902,5.554890266428726e-10,0.0187045665445665,0
359,12,0.1640625,0.1691578877265663,7.465922096087502e-10,0.0163039804639804,0
360,4,0.5846354166666666,0.4370386021856046,3.5664863712167973e-10,0.0133032478632478,0
361,3,0.666015625,0.212890625,3.438234514370618e-10,0.0106025885225885,0
362,13,0.1370442708333333,0.1716563056856047,8.145816374983041e-10,0.015003663003663,0
363,2,0.3828125,0.0,3.2820249826316673e-10,0.0137033455433455,0
364,4,0.4791666666666667,0.1392194417148297,3.3051060602714665e-10,0.0126030769230769,0
365,3,0.357421875,0.259765625,5.378519230396519e-10,0.0110026862026862,0
366,2,0.6796875,0.0,3.5434090672758246e-10,0.0109026617826617,0
367,4,0.2994791666666667,0.0384500600526911,2.9244197483809427e-10,0.0110026862026862,0
368,0,0.0,0.0,2.6361084415686056e-10,0.0107026129426129,0
369,22,0.0863095238095238,0.106935653956594,1.1728812445630783e-09,0.0266064957264957,0
370,13,0.1435546875,0.2249805865919584,7.917047367654051e-10,0.0267065201465201,0
371,2,0.39453125,0.0,4.2980798814704484e-10,0.01810442002442,0
372,5,0.025390625,0.0033829117335329,4.3336509704555716e-10,0.0101024664224664,0
373,18,0.1029411764705882,0.084014467254104,9.430217669743767e-10,0.0184044932844932,0
374,5,0.2978515625,0.1909148467215959,5.574228376426177e-10,0.0138033699633699,0
375,4,0.5325520833333334,0.3339380501092439,4.3498882006780356e-10,0.0116028327228327,0
376,4,0.4296875,0.5370016463933484,3.5819053785085144e-10,0.0140034188034188,0
377,9,0.21337890625,0.3290475863331248,6.722597169483616e-10,0.0187045665445665,0
378,18,0.088235294117647,0.1371092036376703,9.232215623141103e-10,0.0225054945054945,0
379,7,0.2630208333333333,0.1387620134470095,6.039868703001144e-10,0.0153037362637362,0
380,8,0.1294642857142857,0.221034276408112,4.7648496854226e-10,0.0113027594627594,0
381,0,0.0,0.0,2.592556480391301e-10,0.009302271062271,0
382,0,0.0,0.0,2.398385541757794e-10,0.0102024908424908,0
383,5,0.3388671875,0.4209550788454294,4.923750691378897e-10,0.0188045909645909,0
384,7,0.275390625,0.163670631956298,5.957984266191683e-10,0.0140034188034188,0
385,3,0.193359375,0.095703125,3.3144205739357976e-10,0.0106025885225885,0
386,4,0.265625,0.2328291031551718,4.2004344459129246e-10,0.0119029059829059,0
387,4,0.4401041666666667,0.2840989483553172,4.4245358478560166e-10,0.0110026862026862,0
388,1,0.0,0.0,2.6074678611308644e-10,0.011202735042735,0
389,3,0.064453125,0.025390625,3.155047675094035e-10,0.0172042002442002,0
390,18,0.1119025735294117,0.1492211631242947,1.018693897095053e-09,0.029307155067155,0
391,10,0.1866319444444444,0.2274421514219415,5.327135685251528e-10,0.0153037362637362,0
392,9,0.1044921875,0.1552550106990688,6.816844732838894e-10,0.0164040048840048,0
393,9,0.1611328125,0.276722386582365,1.8390370036561083e-09,0.0194047374847374,0
394,5,0.0830078125,0.0624618413787007,4.2947959423606164e-10,0.0091022222222222,0
395,0,0.0,0.0,4.1959837350319257e-10,0.0089021733821733,0
396,2,1.73828125,0.0,2.75639007760402e-10,0.0088021489621489,0
397,6,0.17265625,0.2870857239408205,5.453654500028697e-10,0.0111027106227106,0
398,2,0.37890625,0.0,2.5986800579863756e-10,0.0105025641025641,0
399,4,0.4270833333333333,0.4062666930331055,2.99276823614335e-10,0.009302271062271,0
400,1,0.0,0.0,2.684809865212796e-10,0.0098023931623931,0
401,0,0.0,0.0,2.0921833559196199e-10,0.0106025885225885,0
402,0,0.0,0.0,1.8428464961346136e-10,0.0084020512820512,0
403,0,0.0,0.0,1.7669891921265547e-10,0.0083020268620268,0
404,1,0.0,0.0,2.1194247967513764e-10,0.0088021489621489,0
405,0,0.0,0.0,2.1993561930031707e-10,0.0078019047619047,0
406,0,0.0,0.0,2.1893542779674874e-10,0.0085020757020757,0
407,2,0.0546875,0.0,3.779722205217282e-10,0.0082020024420024,0
408,1,0.0,0.0,2.4469343810146233e-10,0.008101978021978,0
409,1,0.0,0.0,2.375896084587133e-10,0.0077018803418803,0
410,2,0.93359375,0.0,2.8673316343302605e-10,0.0103025152625152,0
411,4,0.21484375,0.1616577229860722,4.353667461053564e-10,0.0090021978021978,0
412,1,0.0,0.0,2.022618380233421e-10,0.0094022954822954,0
413,2,0.30859375,0.0,3.0710060511027766e-10,0.0084020512820512,0
414,1,0.0,0.0,2.7652742323644337e-10,0.0083020268620268,0
415,1,0.0,0.0,2.9622817346174713e-10,0.0090021978021978,0
416,0,0.0,0.0,2.0493644532106067e-10,0.0082020024420024,0
417,1,0.0,0.0,2.417018080722865e-10,0.0089021733821733,0
418,0,0.0,0.0,2.1781318567175934e-10,0.0084020512820512,0
419,1,0.0,0.0,2.751808393749785e-10,0.0078019047619047,0
420,1,0.0,0.0,2.3745447742843573e-10,0.0084020512820512,0
421,0,0.0,0.0,2.0042246558386664e-10,0.0077018803418803,0
422,0,0.0,0.0,2.4380339958550804e-10,0.0077018803418803,0
423,2,0.0234375,0.0,3.358276807051989e-10,0.0096023443223443,0
424,0,0.0,0.0,2.84015459679379e-10,0.0094022954822954,0
425,0,0.0,0.0,3.159198743805542e-10,0.0085020757020757,0
426,4,0.0638020833333333,0.0435371184825533,3.3278719467049354e-10,0.0135032967032967,0
427,0,0.0,0.0,2.9753450220626274e-10,0.0092022466422466,0
428,0,0.0,0.0,2.719285393521314e-10,0.007401807081807,0
429,0,0.0,0.0,2.0857799713683407e-10,0.0090021978021978,0
430,0,0.0,0.0,2.2971766338438727e-10,0.0082020024420024,0
431,0,0.0,0.0,2.1271419467962502e-10,0.0083020268620268,0
432,1,0.0,0.0,2.2436314348087468e-10,0.0106025885225885,0
433,0,0.0,0.0,2.4793917316954176e-10,0.0077018803418803,0
434,0,0.0,0.0,2.1894451786851047e-10,0.0089021733821733,0
435,1,0.0,0.0,2.7335649767111527e-10,0.0089021733821733,0
436,7,0.2610677083333333,0.2465316939304076,4.124700154004183e-10,0.0092022466422466,0
437,2,1.10546875,0.0,3.041536939945823e-10,0.0126030769230769,0
438,0,0.0,0.0,3.6324124529825077e-10,0.0091022222222222,0
439,1,0.0,0.0,2.420837582238681e-10,0.0101024664224664,0
440,0,0.0,0.0,2.268403257643184e-10,0.011202735042735,0
441,0,0.0,0.0,2.6480657557237216e-10,0.0094022954822954,0
442,2,0.9140625,0.0,3.356123766280016e-10,0.013103199023199,0
443,2,0.18359375,0.0,3.0087199872141486e-10,0.0120029304029304,0
444,1,0.0,0.0,2.828260154324714e-10,0.0092022466422466,0
445,5,0.18359375,0.1851455363461573,3.823765044246385e-10,0.0094022954822954,0
446,1,0.0,0.0,2.449997366563873e-10,0.0088021489621489,0
447,0,0.0,0.0,2.6538648767500636e-10,0.0087021245421245,0
448,2,0.7890625,0.0,2.8359589367058453e-10,0.009302271062271,0
449,0,0.0,0.0,2.3611031851788487e-10,0.008101978021978,0
450,2,0.7890625,0.0,2.77885395748262e-10,0.0103025152625152,0
451,1,0.0,0.0,2.5577293866127425e-10,0.0089021733821733,0
452,1,0.0,0.0,2.257940182633978e-10,0.0088021489621489,0
453,1,0.0,0.0,2.9035744882957566e-10,0.0085020757020757,0
454,0,0.0,0.0,1.91146212450299e-10,0.0085020757020757,0
455,1,0.0,0.0,2.1147141490691167e-10,0.0085020757020757,0
456,2,1.65234375,0.0,3.127844996205802e-10,0.0121029548229548,0
457,2,0.06640625,0.0,2.9203848082625547e-10,0.0118028815628815,0
458,0,0.0,0.0,3.0984832898752305e-10,0.0104025396825396,0
459,0,0.0,0.0,2.5056405150269617e-10,0.0094022954822954,0
460,3,0.25,0.12890625,2.3102265036931928e-10,0.0105025641025641,0
461,0,0.0,0.0,2.3524197702311246e-10,0.0115028083028083,0
462,2,1.7421875,0.0,3.0319840018929987e-10,0.0120029304029304,0
463,0,0.0,0.0,2.8073068313452923e-10,0.0105025641025641,0
464,14,0.1487379807692307,0.2084266829660848,7.749567602832826e-10,0.0315076923076923,0
465,7,0.2877604166666667,0.3671921172877542,5.297271844032374e-10,0.0185045177045177,0
466,2,0.12890625,0.0,3.4742368125066155e-10,0.0149036385836385,0
467,2,0.3359375,0.0,3.446328661587361e-10,0.0110026862026862,0
468,1,0.0,0.0,2.8790561904687356e-10,0.0105025641025641,0
469,0,0.0,0.0,2.848413493917729e-10,0.0095023199023199,0
470,2,0.125,0.0,3.2042914631198736e-10,0.0086021001221001,0
471,0,0.0,0.0,2.5891016882317244e-10,0.0088021489621489,0
472,1,0.0,0.0,3.837855598901844e-10,0.0113027594627594,0
473,3,0.73828125,0.51171875,2.623911907519966e-09,0.0096023443223443,0
474,2,0.7578125,0.0,2.7903067781873873e-10,0.0106025885225885,0
475,9,0.07861328125,0.0874214364621205,6.758021526808729e-10,0.0437106715506715,0
476,90,0.0220768960674157,0.0127501566760482,1.0507367517430761e-08,0.1129275702075702,0
477,51,0.033515625,0.0197192514298369,3.820839315344809e-09,0.0698170451770451,0
478,9,0.2216796875,0.2237990648401816,5.183177181402913e-10,0.0175042735042735,0
479,1,0.0,0.0,3.1202480687513876e-10,0.0129031501831501,0
480,1,0.0,0.0,3.0823757863736106e-10,0.0087021245421245,0
481,2,0.765625,0.0,3.2899508683048046e-10,0.0135032967032967,0
482,21,0.0697265625,0.0575463017340099,1.025710107041666e-09,0.0265064713064713,0
483,6,0.30078125,0.3232808346420724,5.150959879897608e-10,0.0151036874236874,0
484,5,0.337890625,0.291356239425129,5.228245581324794e-10,0.0165040293040293,0
485,6,0.33203125,0.3756423534884944,5.220185333337804e-10,0.0136033211233211,0
486,2,0.73046875,0.0,3.0260033414938403e-10,0.0123030036630036,0
487,5,0.2509765625,0.1374526896147333,4.372050458359981e-10,0.0118028815628815,0
488,10,0.1488715277777778,0.1373737342004894,6.294453519957183e-10,0.0195047619047619,0
489,10,0.1284722222222222,0.1470540940044326,7.951396756585057e-10,0.030007326007326,0
490,15,0.119140625,0.1512073428769236,6.70304213586322e-10,0.016203956043956,0
491,19,0.1028645833333333,0.126750974204562,7.609864020120431e-10,0.0234057142857142,0
492,27,0.0620492788461538,0.0545943459174172,1.2135754762128388e-09,0.0352085958485958,0
493,18,0.1040900735294117,0.0863848356497456,7.506660945319942e-10,0.0234057142857142,0
494,2,0.05859375,0.0,5.615615603024026e-10,0.0132032234432234,0
495,5,0.392578125,0.1829380745261306,4.4711888576929777e-10,0.0151036874236874,0
496,2,0.7265625,0.0,3.0111177768143195e-10,0.0145035409035409,0
497,7,0.1809895833333333,0.2054240221172958,3.848498734087104e-10,0.0166040537240537,0
498,15,0.1252790178571428,0.1187256227706218,6.819996988495156e-10,0.0204049816849816,0
499,10,0.1857638888888889,0.1846950118978473,5.422202519787225e-10,0.0153037362637362,0
500,5,0.2421875,0.2284571907125736,5.575046081055695e-10,0.0161039316239316,0
501,8,0.203125,0.1454858077500909,4.879473254072613e-10,0.0202049328449328,0
502,6,0.21328125,0.1776824271611433,5.32448235567512e-10,0.0168041025641025,0
503,7,0.2298177083333333,0.2803753096533963,4.542789085829379e-10,0.0139033943833943,0
504,9,0.21826171875,0.1380437675951022,4.697772794398824e-10,0.0141034432234432,0
505,12,0.1715198863636363,0.1237783715989886,5.664589029987952e-10,0.0159038827838827,0
506,10,0.2061631944444444,0.2908737465123107,5.329378287310979e-10,0.0313076434676434,0
507,5,0.3017578125,0.1609966280566319,3.8056690402300517e-10,0.0141034432234432,0
508,8,0.2215401785714285,0.2102928547091155,4.3953486226837865e-10,0.0147035897435897,0
509,8,0.2276785714285714,0.1578836788863037,4.3753164083406757e-10,0.0154037606837606,0
510,10,0.1588541666666666,0.1432291666666666,5.510404204142755e-10,0.0142034676434676,0
511,5,0.1689453125,0.1634655947635058,4.4646880499816615e-10,0.0166040537240537,0
512,10,0.1098090277777777,0.1265025316127575,4.6215246330287527e-10,0.0210051282051282,0
513,9,0.09228515625,0.0925817818865044,4.956977265141757e-10,0.0228055677655677,0
514,12,0.1555397727272727,0.2513988859841986,6.322275178631062e-10,0.0273066666666666,0
515,14,0.1493389423076923,0.1973936825290183,5.167477586791345e-10,0.0294071794871794,0
516,29,0.0676618303571428,0.0469569314133143,1.326116525087736e-09,0.0395096459096459,0
517,11,0.15625,0.1585090598997814,6.58119322679762e-10,0.031207619047619,0
518,7,0.2252604166666666,0.1158707855932333,4.509325456226212e-10,0.0172042002442002,0
519,0,0.0,0.0,2.807262921331145e-10,0.0125030525030525,0
520,9,0.07666015625,0.0597521398951192,5.102762984645425e-10,0.0245059829059829,0
521,28,0.0681423611111111,0.0616472252183495,9.575082420377747e-10,0.0296072283272283,0
522,14,0.1036658653846153,0.0662490252838031,6.900717425571478e-10,0.0315076923076923,0
523,11,0.17421875,0.2119636498723012,4.811201358419765e-10,0.0225054945054945,0
524,9,0.14208984375,0.1079521270189025,4.4331663902548735e-10,0.0184044932844932,0
525,6,0.23671875,0.1282916218401459,4.255197681951917e-10,0.0204049816849816,0
526,8,0.1863839285714285,0.2074332170623025,4.112213753296629e-10,0.0177043223443223,0
527,5,0.4775390625,0.2712295763615423,3.7560442309183147e-10,0.0189046153846153,0
528,0,0.0,0.0,3.189390273696592e-10,0.0138033699633699,0
529,1,0.0,0.0,3.7851935851592444e-10,0.0121029548229548,0
530,2,0.80078125,0.0,2.981573075208606e-10,0.012403028083028,0
531,2,1.21484375,0.0,3.8760529027384567e-10,0.0099024175824175,0
532,1,0.0,0.0,3.179978360166661e-10,0.010002442002442,0
533,0,0.0,0.0,2.2740080855923343e-10,0.0105025641025641,0
534,0,0.0,0.0,2.7593183747172977e-10,0.0091022222222222,0
535,1,0.0,0.0,2.328813461268246e-10,0.0094022954822954,0
536,1,0.0,0.0,3.7470156797652206e-10,0.0123030036630036,0
537,0,0.0,0.0,2.5654521447933757e-10,0.0115028083028083,0
538,12,0.0948153409090909,0.1230774888536723,5.812949675815976e-10,0.0157038339438339,0
539,1,0.0,0.0,4.1995054812276644e-10,0.0167040781440781,0
540,0,0.0,0.0,2.6082071741555486e-10,0.0125030525030525,0
541,1,0.0,0.0,2.8018049415141903e-10,0.0108026373626373,0
542,1,0.0,0.0,2.864363521200173e-10,0.0115028083028083,0
543,3,0.27734375,0.16015625,3.0647779571915327e-10,0.0129031501831501,0
544,9,0.1220703125,0.1611624025861001,5.919901402101492e-10,0.0121029548229548,0
545,0,0.0,0.0,2.5943953723830093e-10,0.010002442002442,0
546,0,0.0,0.0,2.5092547343148305e-10,0.0107026129426129,0
547,17,0.113525390625,0.1980447020402087,2.329991895399404e-09,0.0547133577533577,0
548,21,0.090625,0.1496690277615704,1.349903831245406e-09,0.0490119658119658,0
549,7,0.1686197916666666,0.204962351580287,3.810763819005577e-10,0.0118028815628815,0
550,19,0.1087239583333333,0.1577792461010541,1.6339683490095575e-09,0.0405098901098901,0
551,18,0.076516544117647,0.0801670039352242,1.1488462119657746e-09,0.045010989010989,0
552,5,0.1953125,0.1633868154559717,4.60902073819885e-10,0.0204049816849816,0
553,0,0.0,0.0,3.329944313017229e-10,0.0109026617826617,0
554,1,0.0,0.0,2.3978592039489466e-10,0.0110026862026862,0
555,1,0.0,0.0,2.988244322493406e-10,0.0102024908424908,0
556,0,0.0,0.0,2.697041774193789e-10,0.0094022954822954,0
557,3,0.080078125,0.052734375,3.6091619199591947e-10,0.0172042002442002,0
558,3,0.8203125,0.31640625,3.107218121469495e-10,0.0107026129426129,0
559,0,0.0,0.0,2.3972662149316223e-10,0.0098023931623931,0
560,2,0.66796875,0.0,2.98684628354958e-10,0.0101024664224664,0
561,0,0.0,0.0,2.576363911428586e-10,0.0117028571428571,0
562,1,0.0,0.0,2.482126061853625e-10,0.0106025885225885,0
563,2,1.10546875,0.0,2.903805196401923e-10,0.010002442002442,0
564,0,0.0,0.0,2.49345733218501e-10,0.0083020268620268,0
565,0,0.0,0.0,2.6740278718873037e-10,0.0097023687423687,0
566,7,0.2180989583333333,0.2026790058997445,4.307924506642456e-10,0.0156038095238095,0
567,0,0.0,0.0,3.020859888991757e-10,0.0098023931623931,0
568,3,0.400390625,0.087890625,2.7171328477561303e-10,0.0091022222222222,0
569,2,0.09375,0.0,3.644600073414748e-10,0.0117028571428571,0
570,1,0.0,0.0,2.725309707695811e-10,0.0113027594627594,0
571,0,0.0,0.0,2.4715347334967287e-10,0.0101024664224664,0
572,1,0.0,0.0,2.2752404020862122e-10,0.0111027106227106,0
573,3,0.8671875,0.48828125,3.968303166105363e-10,0.0127031013431013,0
574,17,0.10888671875,0.1183606238975982,1.2076552410014519e-09,0.0404098656898656,0
575,10,0.2061631944444444,0.2792097692074399,6.156517746261335e-10,0.0258063003663003,0
576,11,0.17421875,0.2139056222598532,7.47231436919223e-10,0.0279068131868131,0
577,71,0.027734375,0.0135179472612701,5.631839274719311e-09,0.0821200488400488,0
578,58,0.0345394736842105,0.0211789806902564,3.850866103481717e-09,0.0651158974358974,0
579,8,0.1417410714285714,0.106767268585755,4.700374555914849e-10,0.019304713064713,0
580,8,0.1501116071428571,0.2061804149777766,6.41988947534964e-10,0.0115028083028083,0
581,4,0.4049479166666667,0.309101529315769,4.0370309804833607e-10,0.0085020757020757,0
582,1,0.0,0.0,3.1658950617283944e-10,0.010002442002442,0
583,9,0.09716796875,0.1121549188168728,7.130976834287846e-10,0.0102024908424908,0
584,8,0.1333705357142857,0.20943817105965,5.745390025051768e-10,0.0329080341880341,0
585,2,0.0078125,0.0,2.819919091897113e-10,0.0123030036630036,0
586,0,0.0,0.0,3.0362729562019853e-10,0.009302271062271,0
587,0,0.0,0.0,2.8566516182272816e-10,0.0096023443223443,0
588,0,0.0,0.0,2.362725083664301e-10,0.0101024664224664,0
589,1,0.0,0.0,2.0453519805769117e-10,0.0099024175824175,0
590,0,0.0,0.0,2.781165947846923e-10,0.0086021001221001,0
591,1,0.0,0.0,2.3509643745592693e-10,0.0102024908424908,0
592,1,0.0,0.0,2.7603270762611417e-10,0.0145035409035409,0
593,0,0.0,0.0,2.4600578612855394e-10,0.0095023199023199,0
594,2,1.03515625,0.0,8.315461095680875e-10,0.0127031013431013,0
595,13,0.072265625,0.0711663291381169,8.916968090860602e-10,0.0141034432234432,0
596,0,0.0,0.0,3.0792919348322277e-10,0.0127031013431013,0
597,2,0.75,0.0,2.8126455378201025e-10,0.0094022954822954,0
598,1,0.0,0.0,3.4358229344636156e-10,0.0090021978021978,0
599,0,0.0,0.0,2.5052939636845313e-10,0.0108026373626373,0
600,3,0.427734375,0.419921875,3.26820572081561e-10,0.0153037362637362,0
601,1,0.0,0.0,2.5080145384775645e-10,0.0117028571428571,0
602,2,0.4296875,0.0,2.2205260086584487e-10,0.0122029792429792,0
603,2,1.24609375,0.0,2.1461013533043059e-10,0.0104025396825396,0
604,3,0.5859375,0.3359375,2.9069630427231155e-10,0.0106025885225885,0
605,2,0.15625,0.0,3.1135685752358143e-10,0.0095023199023199,0
606,5,0.1318359375,0.079976831896098,3.4649948843086433e-10,0.0165040293040293,0
607,7,0.1953125,0.2567251374991516,1.5658950052393847e-09,0.0175042735042735,0
608,19,0.0822482638888889,0.0726776241501292,1.0703448746088395e-09,0.0321078388278388,0
609,11,0.184375,0.1699896596119893,7.76835862550148e-10,0.0207050549450549,0
610,11,0.175,0.2652789565809687,8.710469060514848e-10,0.0455111111111111,0
611,21,0.0720703125,0.1079459870518838,1.9057170885009713e-09,0.0358087423687423,0
612,42,0.0413490853658536,0.032579105257697,3.0280369743982953e-09,0.053112967032967,0
613,74,0.0267551369863013,0.0175965019150776,4.376963737363233e-09,0.0821200488400488,0
614,34,0.0587121212121212,0.0591278126921505,1.4942059880261e-09,0.0351085714285714,0
615,17,0.09521484375,0.1008546074317379,9.90359969870043e-10,0.0204049816849816,0
616,8,0.1796875,0.1287285707287818,4.394670935092752e-10,0.0142034676434676,0
617,5,0.32421875,0.2431464131396065,4.5184883289278885e-10,0.0136033211233211,0
618,6,0.2390625,0.0579601155968481,5.13851188589341e-10,0.0141034432234432,0
619,7,0.2669270833333333,0.1859701404007098,4.4827216540243083e-10,0.0152037118437118,0
620,6,0.1828125,0.1547072272774449,4.92967838022783e-10,0.0220053724053724,0
621,8,0.2739955357142857,0.2369596010275436,4.2699954790156245e-10,0.0161039316239316,0
622,4,0.33984375,0.2338753354375823,5.202103282689361e-10,0.0122029792429792,0
623,1,0.0,0.0,2.544394579207423e-10,0.0097023687423687,0
624,2,0.5625,0.0,3.4738879550149007e-10,0.0119029059829059,0
625,5,0.40625,0.1573932782648889,3.709021544186379e-10,0.0145035409035409,0
626,3,0.49609375,0.45703125,3.9063179731677884e-10,0.0128031257631257,0
627,7,0.2252604166666666,0.2112828320352773,6.840652905571058e-10,0.0139033943833943,0
628,6,0.33125,0.2119823658644747,5.092854369654392e-10,0.0133032478632478,0
629,1,0.0,0.0,3.3366190078787376e-10,0.0122029792429792,0
630,5,0.2958984375,0.3107049887382812,3.6715167956153524e-10,0.0138033699633699,0
631,0,0.0,0.0,2.661019157484931e-10,0.0120029304029304,0
632,11,0.1890625,0.1693096910527421,6.77992822704361e-10,0.0327079853479853,0
633,7,0.2649739583333333,0.1726046401151472,4.6106736357566254e-10,0.0149036385836385,0
634,10,0.1636284722222222,0.200143757711712,6.684134553654355e-10,0.0154037606837606,0
635,3,0.814453125,0.791015625,5.620460845964507e-10,0.012403028083028,0
636,2,0.35546875,0.0,2.9965963100120606e-10,0.0104025396825396,0
637,1,0.0,0.0,3.4162298260855945e-10,0.0096023443223443,0
638,0,0.0,0.0,3.1623767572857543e-10,0.0104025396825396,0
639,2,0.51171875,0.0,2.9335656627323286e-10,0.0101024664224664,0
640,4,0.5794270833333334,0.4179180427444942,3.769761783397887e-10,0.0135032967032967,0
641,2,0.546875,0.0,2.8043712605439935e-10,0.0082020024420024,0
642,5,0.2919921875,0.2106909547317153,4.083219260474297e-10,0.0103025152625152,0
643,1,0.0,0.0,3.1954449638172165e-10,0.0120029304029304,0
644,0,0.0,0.0,2.9462705186720745e-10,0.0126030769230769,0
645,2,0.54296875,0.0,3.562826582186129e-10,0.0096023443223443,0
646,3,0.75,0.49609375,2.552550287798113e-10,0.0108026373626373,0
647,2,0.35546875,0.0,3.3830918294202404e-10,0.0097023687423687,0
648,2,0.671875,0.0,2.7730287350393804e-10,0.0107026129426129,0
649,2,0.97265625,0.0,2.5484784958800516e-10,0.010002442002442,0
650,3,0.392578125,0.291015625,3.3351423793273605e-10,0.0119029059829059,0
651,1,0.0,0.0,2.6678719907314227e-10,0.0103025152625152,0
652,0,0.0,0.0,2.814844608400011e-10,0.0095023199023199,0
653,4,0.5755208333333334,0.3755195691726294,4.368305528161297e-10,0.0134032722832722,0
654,63,0.0301159274193548,0.0223780531199271,3.7143620082264772e-09,0.0651158974358974,0
655,47,0.0418648097826086,0.0240613177772359,3.0487659113818104e-09,0.0475115995115995,0
656,22,0.0764508928571428,0.1237472768953295,9.880487889874334e-10,0.0304074236874236,0
657,3,0.5859375,0.2421875,3.722520851083695e-10,0.013103199023199,0
658,2,0.0078125,0.0,3.8103724666367744e-10,0.0107026129426129,0
659,2,0.03515625,0.0,2.9213866728890764e-10,0.010002442002442,0
660,1,0.0,0.0,3.3236957491192835e-10,0.0108026373626373,0
661,3,0.65625,0.25390625,2.9201753446831283e-10,0.012403028083028,0
662,1,0.0,0.0,3.2377016960493367e-10,0.0101024664224664,0
663,3,0.14453125,0.1015625,3.644369510898815e-10,0.012403028083028,0
664,18,0.0889246323529411,0.1021487728259446,7.537801880764905e-10,0.0286069841269841,0
665,3,0.28125,0.203125,3.442530736544015e-10,0.0114027838827838,0
666,1,0.0,0.0,3.0763595320743903e-10,0.0108026373626373,0
667,1,0.0,0.0,2.8198158451277725e-10,0.0126030769230769,0
668,3,0.0546875,0.015625,3.226016460920879e-10,0.0097023687423687,0
669,7,0.3118489583333333,0.2646602488779804,3.2141376956080475e-10,0.0106025885225885,0
670,3,0.373046875,0.134765625,3.1707245983945843e-10,0.0119029059829059,0
671,0,0.0,0.0,3.2060421798431175e-10,0.0104025396825396,0
672,1,0.0,0.0,3.5771697184242966e-10,0.012403028083028,0
673,3,0.447265625,0.263671875,2.7324465933096883e-10,0.0094022954822954,0
674,1,0.0,0.0,3.223493952903865e-10,0.010002442002442,0
675,1,0.0,0.0,2.925504523733118e-10,0.0099024175824175,0
676,1,0.0,0.0,3.1665133834461903e-10,0.0105025641025641,0
677,3,0.60546875,0.23828125,3.631894943765365e-10,0.0115028083028083,0
678,5,0.2861328125,0.1146327981241046,4.865299171388915e-10,0.0156038095238095,0
679,9,0.181640625,0.1532300938781996,4.273860206681292e-10,0.0166040537240537,0
680,0,0.0,0.0,2.2695144022982847e-10,0.009302271062271,0
681,0,0.0,0.0,2.4754480125931593e-10,0.0092022466422466,0
682,0,0.0,0.0,2.3030633710721848e-10,0.0117028571428571,0
683,3,0.041015625,0.033203125,2.977723523868785e-10,0.0115028083028083,0
684,0,0.0,0.0,2.9051925664935046e-10,0.0119029059829059,0
685,5,0.365234375,0.2926365303854179,3.901930506683825e-10,0.0153037362637362,0
686,1,0.0,0.0,2.6916097385562807e-10,0.0113027594627594,0
687,3,0.265625,0.19140625,4.953452030604045e-10,0.0209051037851037,0
688,6,0.25546875,0.3675912009496758,4.832917614983205e-10,0.014303492063492,0
689,3,0.36328125,0.0078125,3.235894752378269e-10,0.0117028571428571,0
690,1,0.0,0.0,3.391723356009069e-10,0.0106025885225885,0
691,3,0.576171875,0.205078125,3.655414935191148e-10,0.0105025641025641,0
692,6,0.21953125,0.2403077250826011,4.1576947617612674e-10,0.0157038339438339,0
693,6,0.31015625,0.2263280036459805,4.77658992454093e-10,0.017404249084249,0
694,4,0.33984375,0.2252792321140033,3.4115518604987464e-10,0.0123030036630036,0
695,1,0.0,0.0,3.133450080393761e-10,0.0105025641025641,0
696,3,0.671875,0.06640625,3.4611131749982483e-10,0.0129031501831501,0
697,8,0.25390625,0.339333437668089,4.665746722752218e-10,0.0127031013431013,0
698,1,0.0,0.0,4.177923045382408e-10,0.0160039072039072,0
699,4,0.1119791666666666,0.0741387544035768,3.4598049302862714e-10,0.0168041025641025,0
700,3,0.712890625,0.669921875,2.8805746791237856e-10,0.0136033211233211,0
701,5,0.23828125,0.1669207860876679,4.0912098115051404e-10,0.0161039316239316,0
702,1,0.0,0.0,2.7471340155062675e-10,0.0120029304029304,0
703,2,0.12109375,0.0,3.388155061704169e-10,0.012403028083028,0
704,4,0.4947916666666667,0.3230216563194933,3.3822870357325484e-10,0.0119029059829059,0
705,4,0.5182291666666666,0.3441985315530325,6.25365801282983e-10,0.0095023199023199,0
706,3,0.580078125,0.572265625,2.7602359251283244e-10,0.0109026617826617,0
707,3,0.07421875,0.03515625,3.9919609965397507e-10,0.0108026373626373,0
708,0,0.0,0.0,2.6042714392216453e-10,0.0088021489621489,0
709,0,0.0,0.0,2.991099568251583e-10,0.0106025885225885,0
710,3,0.111328125,0.080078125,3.6129723308208887e-10,0.0107026129426129,0
711,3,0.380859375,0.357421875,3.145394553490364e-10,0.0132032234432234,0
712,2,0.82421875,0.0,3.6245047602648334e-10,0.0108026373626373,0
713,1,0.0,0.0,4.1077615515716477e-10,0.0097023687423687,0
714,9,0.11474609375,0.1404884523146463,4.499663762269645e-10,0.0120029304029304,0
715,3,0.646484375,0.373046875,4.663589727749525e-10,0.0097023687423687,0
716,10,0.2018229166666666,0.3425394958345639,4.258944918299885e-10,0.0209051037851037,0
717,37,0.0467664930555555,0.0516952182357245,1.2459791355452982e-09,0.0491119902319902,0
718,14,0.0892427884615384,0.1311301657348986,7.804642017611338e-10,0.035008547008547,0
719,2,0.015625,0.0,3.100986923574492e-10,0.0111027106227106,0
720,0,0.0,0.0,2.0430202074118046e-10,0.0091022222222222,0
721,0,0.0,0.0,2.98608520187332e-10,0.0095023199023199,0
722,2,0.76953125,0.0,3.3452714470485754e-10,0.0102024908424908,0
723,10,0.1966145833333333,0.4802728682684373,5.83109499415589e-10,0.0222054212454212,0
724,12,0.1164772727272727,0.1770418669040749,5.425714598791521e-10,0.0160039072039072,0
725,4,0.359375,0.44222936712869,3.2704094153413056e-10,0.0123030036630036,0
726,5,0.1015625,0.026493476496583,3.82899786585684e-10,0.0141034432234432,0
727,2,0.0390625,0.0,3.299703527038692e-10,0.0110026862026862,0
728,5,0.2392578125,0.2450588202420349,3.1029717552153446e-10,0.0108026373626373,0
729,2,0.765625,0.0,3.2678603982547425e-10,0.0108026373626373,0
730,8,0.2338169642857142,0.2372905393473905,4.6522821653316144e-10,0.0177043223443223,0
731,3,0.794921875,0.712890625,3.98129838138137e-10,0.0216052747252747,0
732,5,0.341796875,0.2792422367884927,3.288146824791169e-10,0.0114027838827838,0
733,7,0.1998697916666666,0.2366364064817855,6.130724072173246e-10,0.0128031257631257,0
734,2,1.109375,0.0,3.936313235778093e-10,0.0121029548229548,0
735,10,0.1219618055555555,0.1573828052584233,6.115493860471539e-10,0.0227055433455433,0
736,2,1.19921875,0.0,2.098400681977261e-10,0.0101024664224664,0
737,19,0.091796875,0.1523840869853635,2.019985368647513e-09,0.0537131135531135,0
738,24,0.0859375,0.1047650386112532,1.0181714104390386e-09,0.0230056166056166,0
739,1,0.0,0.0,2.768285149022901e-10,0.0109026617826617,0
740,5,0.2939453125,0.2712717664572844,4.5582431221310565e-10,0.0126030769230769,0
741,2,0.7890625,0.0,3.1221007743443636e-10,0.0091022222222222,0
742,27,0.0704627403846153,0.0963036177685699,2.2349755626212243e-09,0.048111746031746,0
743,24,0.0706521739130434,0.1291243473852449,1.2888941668260003e-09,0.0397096947496947,0
744,8,0.2036830357142857,0.2189435186286403,5.409052547917587e-10,0.0207050549450549,0
745,1,0.0,0.0,3.2078933247088005e-10,0.0087021245421245,0
746,0,0.0,0.0,1.896733610919165e-10,0.008101978021978,0
747,1,0.0,0.0,3.4031582924096656e-10,0.020004884004884,0
748,1,0.0,0.0,1.3847054729395043e-09,0.0128031257631257,0
749,14,0.12890625,0.1648191115837882,1.572105377325157e-09,0.0275067155067155,0
750,4,0.3958333333333333,0.5101143077662567,4.529714238519756e-10,0.0133032478632478,0
751,0,0.0,0.0,5.841041742140642e-10,0.0098023931623931,0
752,3,0.705078125,0.544921875,2.6852569728170685e-10,0.0110026862026862,0
753,7,0.1875,0.3263764796141298,7.998859964419143e-10,0.0104025396825396,0
754,3,0.533203125,0.244140625,3.130975279384161e-10,0.0120029304029304,0
755,25,0.0706380208333333,0.0762129018341299,1.2354624076235796e-09,0.0208050793650793,0
756,9,0.10595703125,0.0860802591765235,1.117478337454585e-09,0.0165040293040293,0
757,0,0.0,0.0,1.983332078927889e-10,0.0090021978021978,0
758,4,0.421875,0.4931476250354705,4.1246830034747836e-10,0.0102024908424908,0
759,0,0.0,0.0,2.4750364697709016e-10,0.0085020757020757,0
760,2,0.27734375,0.0,3.1643129443180947e-10,0.0137033455433455,0
761,2,0.2265625,0.0,2.9295727108370186e-10,0.0091022222222222,0
762,1,0.0,0.0,2.428272974418235e-10,0.0080019536019536,0
763,6,0.06796875,0.0385592583726658,9.842071705682051e-10,0.0110026862026862,0
764,1,0.0,0.0,7.753236150571886e-10,0.0125030525030525,0
765,0,0.0,0.0,2.6134852568575085e-10,0.009302271062271,0
766,5,0.115234375,0.0360667681887097,7.608892339260928e-10,0.0107026129426129,0
767,1,0.0,0.0,8.23150114198649e-10,0.0104025396825396,0
768,16,0.0604166666666666,0.0627577151908211,9.921949885792031e-10,0.0490119658119658,0
769,34,0.0590672348484848,0.058745522940113,1.1049627750234435e-09,0.0263064224664224,0
770,15,0.1040736607142857,0.0737119554254822,7.961335840699965e-10,0.0218053235653235,0
771,3,0.35546875,0.1328125,3.8761079241991556e-10,0.0118028815628815,0
772,2,0.69140625,0.0,3.2450567282441125e-10,0.0119029059829059,0
773,1,0.0,0.0,2.755749433991764e-10,0.0121029548229548,0
774,0,0.0,0.0,2.6448257499224755e-10,0.010002442002442,0
775,6,0.2,0.2294189544057443,5.059256575740092e-10,0.0103025152625152,0
776,2,0.60546875,0.0,3.16417611861751e-10,0.0116028327228327,0
777,2,0.9140625,0.0,2.973812760571574e-10,0.0099024175824175,0
778,2,0.19921875,0.0,2.6170181086761903e-10,0.0096023443223443,0
779,2,0.328125,0.0,2.5174031575702816e-10,0.0099024175824175,0
780,0,0.0,0.0,2.4935082538247604e-10,0.0090021978021978,0
781,4,0.5247395833333334,0.3057429191966494,3.284507767809622e-10,0.0108026373626373,0
782,1,0.0,0.0,2.8293288332207747e-10,0.0111027106227106,0
783,18,0.0834099264705882,0.1783333987575033,1.1083749692280484e-09,0.0264064468864468,0
784,21,0.089453125,0.0946562641857863,1.6105421957299243e-09,0.05001221001221,0
785,5,0.2158203125,0.1460377305280829,3.8377805151070936e-10,0.0195047619047619,0
786,4,0.3919270833333333,0.4057781380907929,3.4490897221122724e-10,0.0119029059829059,0
787,1,0.0,0.0,3.122451006207874e-10,0.0092022466422466,0
788,47,0.0382982336956521,0.0299338539256268,4.069462986234105e-09,0.0818199755799755,0
789,6,0.33359375,0.1393737738174761,3.634383645730372e-10,0.0132032234432234,0
790,8,0.1512276785714285,0.2135432869732786,4.924102291790593e-10,0.0209051037851037,0
791,11,0.19375,0.1492085238642551,7.955163030311838e-10,0.0211051526251526,0
792,28,0.0639467592592592,0.0792108291545675,1.4251625480005172e-09,0.0335081807081807,0
793,16,0.1114583333333333,0.0646893031820606,7.017256868504578e-10,0.0178043467643467,0
794,16,0.11484375,0.1154718157576774,7.825033059465293e-10,0.021205177045177,0
795,7,0.23828125,0.1392437956801546,4.695395137016015e-10,0.0246060073260073,0
796,1,0.0,0.0,4.483262568327243e-10,0.0160039072039072,0
797,6,0.12578125,0.0695005198946382,4.943913791341103e-10,0.0213052014652014,0
798,7,0.197265625,0.1946048377799734,4.6320289974279207e-10,0.0133032478632478,0
799,0,0.0,0.0,2.878639499575855e-10,0.0125030525030525,0
800,1,0.0,0.0,2.961036699360875e-10,0.0099024175824175,0
801,1,0.0,0.0,2.3988524263392617e-10,0.0130031746031746,0
802,3,0.22265625,0.109375,3.692533223225187e-10,0.0156038095238095,0
803,3,0.833984375,0.095703125,3.5534220122275287e-10,0.0128031257631257,0
804,2,0.37109375,0.0,3.1578119327804537e-10,0.015003663003663,0
805,2,0.03515625,0.0,2.5808434782936836e-10,0.0117028571428571,0
806,0,0.0,0.0,2.3022335591589246e-10,0.0083020268620268,0
807,0,0.0,0.0,1.53657892281118e-10,0.0068016605616605,0
808,0,0.0,0.0,1.5398104203192342e-10,0.0058014163614163,0
809,0,0.0,0.0,1.4817298700654927e-10,0.0059014407814407,0
810,0,0.0,0.0,1.8888400404540512e-10,0.0061014896214896,0
811,0,0.0,0.0,1.3161908113974274e-10,0.0061014896214896,0
812,0,0.0,0.0,1.4569946427919183e-10,0.006201514041514,0
813,0,0.0,0.0,1.4483112686094594e-10,0.0056013675213675,0
814,0,0.0,0.0,1.7060103887599306e-10,0.0056013675213675,0
815,9,0.03857421875,0.0167374379892603,4.508845550054341e-10,0.0196047863247863,0
816,8,0.1629464285714285,0.1688645946176104,6.959757625107901e-10,0.0122029792429792,0
817,15,0.0904017857142857,0.1218193370238374,1.1744946411613075e-09,0.0321078388278388,0
818,18,0.1146599264705882,0.176618925094558,1.0097457350447847e-09,0.0406099145299145,0
819,9,0.203125,0.2953613240889506,7.745561844820657e-10,0.032407912087912,0
820,3,0.669921875,0.498046875,2.6741799379734355e-10,0.009302271062271,0
821,2,0.19921875,0.0,3.5260845284311397e-10,0.0206050305250305,0
822,4,0.4427083333333333,0.0610453550506825,3.675571471945671e-10,0.0126030769230769,0
823,1,0.0,0.0,2.3151854526053242e-10,0.0084020512820512,0
824,0,0.0,0.0,2.0095905935105796e-10,0.0072017582417582,0
825,0,0.0,0.0,1.5649837868387546e-10,0.0072017582417582,0
826,0,0.0,0.0,1.8565543406574767e-10,0.0061014896214896,0
827,0,0.0,0.0,2.4105776638400263e-10,0.0059014407814407,0
828,0,0.0,0.0,1.6239926553571242e-10,0.005001221001221,0
829,0,0.0,0.0,1.1393893465779911e-10,0.0053012942612942,0
830,0,0.0,0.0,1.4636584183859824e-10,0.0053012942612942,0
831,1,0.0,0.0,2.5528019608977707e-10,0.0054013186813186,0
832,0,0.0,0.0,1.7942810246496137e-10,0.0058014163614163,0
833,0,0.0,0.0,1.7333519257883955e-10,0.007401807081807,0
834,0,0.0,0.0,1.2429658020889706e-10,0.0064015628815628,0
835,4,0.3645833333333333,0.3285329392071626,3.2161542484487764e-10,0.0201049084249084,0
836,4,0.4166666666666667,0.499229685478385,3.358627033091891e-10,0.0175042735042735,0
837,3,0.4375,0.4140625,2.7220890653954976e-10,0.0178043467643467,0
838,0,0.0,0.0,3.1104448843831846e-10,0.0160039072039072,0
839,3,0.203125,0.05859375,3.079320517106689e-10,0.0177043223443223,0
840,1,0.0,0.0,1.851927133649317e-10,0.0141034432234432,0
841,0,0.0,0.0,1.970003933731612e-10,0.014303492063492,0
842,23,0.0564630681818181,0.0607638760781502,1.418640982033839e-09,0.0595145299145299,0
843,36,0.0556919642857142,0.0545465567152482,1.6392417058525691e-09,0.0407099389499389,0
844,13,0.1634114583333333,0.175664264698726,6.677415279063631e-10,0.0216052747252747,0
845,10,0.2131076388888889,0.1865764210043892,5.144693484107974e-10,0.0173042246642246,0
846,4,0.2018229166666666,0.2274214441028972,4.750800583218164e-10,0.0141034432234432,0
847,6,0.29765625,0.2069855492012063,3.5495018903901684e-10,0.0175042735042735,0
848,16,0.1010416666666666,0.1254213817635263,1.559996965550136e-09,0.0717175091575091,0
849,20,0.0627055921052631,0.0385757853135953,9.005348752200858e-10,0.0272066422466422,0
850,17,0.105224609375,0.1976446155848209,7.5761924701943e-10,0.0256062515262515,0
851,6,0.2859375,0.3828714878022063,3.850321308325543e-10,0.0217052991452991,0
852,3,0.326171875,0.267578125,4.4900636588050726e-10,0.0283069108669108,0
853,13,0.1526692708333333,0.2734675315229484,7.137316328021456e-10,0.0216052747252747,0
854,1,0.0,0.0,7.57156693456201e-10,0.0108026373626373,0
855,5,0.1162109375,0.0816758951176032,4.922776424836862e-10,0.0238058119658119,0
856,51,0.03828125,0.0467054224301097,4.372818147503358e-09,0.0491119902319902,0
857,23,0.0857599431818181,0.0819253008362694,7.177035527324558e-10,0.0180043956043956,0
858,16,0.08984375,0.1130340334073474,2.078019359727235e-09,0.0776189499389499,0
859,6,0.34140625,0.3944391909922555,5.720359039956108e-10,0.0191046642246642,0
860,2,0.0234375,0.0,2.619853792930716e-10,0.0106025885225885,0
861,1,0.0,0.0,2.478734508267475e-10,0.0088021489621489,0
862,0,0.0,0.0,2.104145835616188e-10,0.0075018315018315,0
863,0,0.0,0.0,2.4303067709661106e-10,0.0059014407814407,0
864,0,0.0,0.0,1.4627090477737222e-10,0.0058014163614163,0
865,0,0.0,0.0,1.9853870210011463e-10,0.0055013431013431,0
866,0,0.0,0.0,1.84363645708941e-10,0.0061014896214896,0
867,0,0.0,0.0,1.7207376910330204e-10,0.006201514041514,0
868,0,0.0,0.0,2.4433792771847937e-10,0.006201514041514,0
869,0,0.0,0.0,1.598428478064467e-10,0.0060014652014652,0
870,0,0.0,0.0,1.3729785960927215e-10,0.0076018559218559,0
871,0,0.0,0.0,1.5160310220406372e-10,0.0067016361416361,0
872,0,0.0,0.0,1.9504406131151779e-10,0.0068016605616605,0
873,0,0.0,0.0,1.398703650592387e-10,0.0056013675213675,0
874,0,0.0,0.0,1.1174085991508152e-10,0.0055013431013431,0
875,0,0.0,0.0,1.6855660958225058e-10,0.0060014652014652,0
876,5,0.08203125,0.0840070826859631,2.3745859640906e-09,0.007401807081807,0
877,0,0.0,0.0,1.205393924773503e-10,0.0064015628815628,0
878,0,0.0,0.0,1.6659160674871524e-10,0.0071017338217338,0
879,0,0.0,0.0,1.9332180573166148e-10,0.0059014407814407,0
880,0,0.0,0.0,1.5606926312054514e-10,0.0075018315018315,0
881,0,0.0,0.0,1.4739438150753394e-10,0.0054013186813186,0
882,0,0.0,0.0,2.2618778277117327e-10,0.0069016849816849,0
883,4,0.1809895833333333,0.1428617446400442,4.037392020965738e-10,0.0195047619047619,0
884,21,0.0830078125,0.1592862948224414,1.935065549032181e-09,0.0294071794871794,0
885,1,0.0,0.0,2.6227366891858644e-10,0.0110026862026862,0
886,1,0.0,0.0,2.905958213879459e-10,0.0082020024420024,0
887,0,0.0,0.0,1.9492799037212954e-10,0.0058014163614163,0
888,0,0.0,0.0,1.346603842268334e-10,0.0057013919413919,0
889,2,0.015625,0.0,2.759496466513408e-10,0.0068016605616605,0
890,0,0.0,0.0,2.1771569903438034e-10,0.0066016117216117,0
891,0,0.0,0.0,1.6762608999330612e-10,0.0070017094017094,0
892,0,0.0,0.0,1.7186942272937006e-10,0.0060014652014652,0
893,0,0.0,0.0,1.93602406445813e-10,0.0066016117216117,0
894,0,0.0,0.0,1.5360530567146867e-10,0.0071017338217338,0
895,0,0.0,0.0,1.7060349876856287e-10,0.0072017582417582,0
896,0,0.0,0.0,1.7356084870393478e-10,0.0090021978021978,0
897,3,0.21484375,0.16796875,3.4533145701300456e-10,0.0148036141636141,0
898,3,0.23046875,0.1328125,2.8026809230020077e-10,0.0126030769230769,0
899,1,0.0,0.0,2.5244245377172337e-10,0.0157038339438339,0
900,5,0.0478515625,0.0324918061711213,1.490822206046565e-09,0.0119029059829059,0
901,0,0.0,0.0,7.068537079526091e-10,0.0090021978021978,0
902,0,0.0,0.0,2.2177704689151567e-10,0.0092022466422466,0
903,7,0.2701822916666667,0.3245591262585555,6.158511185196739e-10,0.0166040537240537,0
904,1,0.0,0.0,2.5217408846071846e-10,0.0090021978021978,0
905,0,0.0,0.0,1.6036443995607224e-10,0.0072017582417582,0
906,1,0.0,0.0,2.4626979421507807e-10,0.009302271062271,0
907,0,0.0,0.0,2.3321332912822154e-10,0.011202735042735,0
908,27,0.03125,0.0193804272795638,1.9540647668981576e-09,0.0537131135531135,0
909,4,0.0546875,0.0283483607514026,4.755007086866631e-10,0.027406691086691,0
910,0,0.0,0.0,2.7102990984773265e-10,0.008101978021978,0
911,0,0.0,0.0,2.273575740837645e-10,0.0077018803418803,0
912,0,0.0,0.0,3.0485655413683106e-10,0.0097023687423687,0
913,0,0.0,0.0,2.760330424836492e-10,0.0099024175824175,0
914,1,0.0,0.0,1.9858638173656487e-10,0.0086021001221001,0
915,0,0.0,0.0,1.446928190517934e-10,0.0088021489621489,0
916,0,0.0,0.0,1.963229730857936e-10,0.0083020268620268,0
917,1,0.0,0.0,2.7001778984522804e-10,0.0092022466422466,0
918,0,0.0,0.0,2.467762496394021e-10,0.008101978021978,0
919,1,0.0,0.0,1.8864252459147143e-10,0.010002442002442,0
920,0,0.0,0.0,1.7843553814249784e-10,0.0092022466422466,0
921,0,0.0,0.0,2.3199706890755423e-10,0.0109026617826617,0
922,2,0.0234375,0.0,3.3950557591955253e-10,0.0099024175824175,0
923,0,0.0,0.0,2.0386392226049963e-10,0.0097023687423687,0
924,0,0.0,0.0,2.0896012141433387e-10,0.0099024175824175,0
925,2,0.20703125,0.0,2.3439971306844017e-10,0.0104025396825396,0
926,13,0.091796875,0.1288026335452933,7.528843265335938e-10,0.0229055921855921,0
927,16,0.103125,0.0778092577972463,6.346982918468722e-10,0.0194047374847374,0
928,2,0.2890625,0.0,3.949706541338867e-10,0.0125030525030525,0
929,4,0.4609375,0.3425642427584447,3.193787488902529e-10,0.013103199023199,0
930,2,0.0078125,0.0,3.1861053853384436e-10,0.0133032478632478,0
931,1,0.0,0.0,3.651736277666337e-10,0.0113027594627594,0
932,1,0.0,0.0,2.8012535796561665e-10,0.0154037606837606,0
933,1,0.0,0.0,2.8390246302334216e-10,0.010002442002442,0
934,2,0.609375,0.0,2.9796324098207104e-10,0.0103025152625152,0
935,0,0.0,0.0,2.3727623363612373e-10,0.009302271062271,0
936,1,0.0,0.0,3.0987513098462037e-10,0.0086021001221001,0
937,0,0.0,0.0,2.519734295961974e-10,0.0116028327228327,0
938,0,0.0,0.0,2.827615364302635e-10,0.0113027594627594,0
939,1,0.0,0.0,2.83718008351708e-10,0.011202735042735,0
940,0,0.0,0.0,2.2975410578432554e-10,0.0103025152625152,0
941,2,0.640625,0.0,3.14208972509396e-10,0.0103025152625152,0
942,2,0.6796875,0.0,3.1279097489176467e-10,0.0108026373626373,0
943,1,0.0,0.0,2.565887611002652e-10,0.0095023199023199,0
944,1,0.0,0.0,2.4596588741649406e-10,0.0109026617826617,0
945,1,0.0,0.0,2.47692978921516e-10,0.016203956043956,0
946,0,0.0,0.0,3.2181425043719004e-10,0.0103025152625152,0
947,0,0.0,0.0,2.6680407531054274e-10,0.0085020757020757,0
948,3,0.513671875,0.251953125,3.0170932192595425e-10,0.011202735042735,0
949,2,0.375,0.0,4.2540636446886435e-10,0.0114027838827838,0
950,1,0.0,0.0,2.7780725688807187e-10,0.009302271062271,0
951,0,0.0,0.0,2.3015930553132927e-10,0.0099024175824175,0
952,1,0.0,0.0,2.7468737001704026e-10,0.0103025152625152,0
953,11,0.178125,0.1488091564355584,6.852907276213136e-10,0.0227055433455433,0
954,9,0.09033203125,0.0952323701818049,5.56817279529333e-10,0.0218053235653235,0
955,4,0.58203125,0.6905339660024878,4.5855765352245423e-10,0.0253061782661782,0
956,19,0.1037326388888889,0.1231086720799966,9.25854924481298e-10,0.0306074725274725,0
957,7,0.0787760416666666,0.0767925655086774,6.9433896723274e-10,0.0183044688644688,0
958,11,0.172265625,0.2176482438629832,8.517560365903427e-10,0.0252061538461538,0
959,6,0.31640625,0.153650247111744,4.269559127617736e-10,0.0154037606837606,0
960,17,0.10400390625,0.1874281427655983,1.5321507190154167e-09,0.0284069352869352,0
961,16,0.1260416666666666,0.1016272496590549,5.634658007611874e-10,0.0186045421245421,0
962,0,0.0,0.0,3.056695626078066e-10,0.0145035409035409,0
963,2,1.5078125,0.0,3.1432641432641426e-10,0.0118028815628815,0
964,5,0.4296875,0.2736188015015712,4.71593868755041e-10,0.0148036141636141,0
965,5,0.4296875,0.5270036519048931,4.5823254703892286e-10,0.0142034676434676,0
966,67,0.0300662878787878,0.0181694990867376,6.728528007740461e-09,0.0930227106227106,0
967,27,0.0760216346153846,0.1029755092801716,9.280050470426501e-10,0.0295072039072039,0
968,9,0.23291015625,0.1587079318318488,5.542495738981544e-10,0.0190046398046398,0
969,1,0.0,0.0,4.402855022131578e-10,0.0156038095238095,0
970,7,0.2493489583333333,0.2718650533481415,4.290714576428861e-10,0.0172042002442002,0
971,2,0.39453125,0.0,4.2881780684550826e-10,0.0133032478632478,0
972,7,0.21875,0.079895307065846,3.99197998150608e-10,0.0148036141636141,0
973,10,0.1957465277777778,0.1215541266078982,4.936014973804007e-10,0.016203956043956,0
974,9,0.1083984375,0.0711685625429767,4.681601103075462e-10,0.0153037362637362,0
975,5,0.44921875,0.2564327425755996,4.091565022554605e-10,0.015003663003663,0
976,3,0.767578125,0.224609375,3.5577053933424123e-10,0.0146035653235653,0
977,6,0.296875,0.2789948651241183,4.501293906985871e-10,0.0156038095238095,0
978,51,0.03921875,0.0405495091870727,3.3947249275216878e-09,0.0716174847374847,0
979,40,0.0466746794871794,0.047356209866057,2.283200889898749e-09,0.0507123809523809,0
980,21,0.075,0.1337775143282448,1.9157331881018342e-09,0.0356086935286935,0
981,6,0.2875,0.1968160874157013,3.6833304820942177e-10,0.0123030036630036,0
982,35,0.0541130514705882,0.0452392714666148,1.622007205248963e-09,0.0408099633699633,0
983,27,0.0501802884615384,0.0378987140034316,1.1161911613963467e-09,0.0267065201465201,0
984,27,0.0640024038461538,0.0930214891309259,1.4317186910650735e-09,0.026206398046398,0
985,1,0.0,0.0,5.52945292152309e-10,0.0135032967032967,0
986,37,0.0517578125,0.046615447137597,1.115653032525743e-09,0.0270065934065934,0
987,26,0.076875,0.0564851854194973,1.0467125935131884e-09,0.0330080586080586,0
988,38,0.0487753378378378,0.0358545700299297,1.5723173753393531e-09,0.0301073504273504,0
989,67,0.0286458333333333,0.0240348949617157,4.714958238082379e-09,0.0607148229548229,0
990,39,0.0489309210526315,0.0712188976429061,2.939687994657374e-09,0.032407912087912,0
991,34,0.0584753787878787,0.0415238383620618,1.2743621959796406e-09,0.0318077655677655,0
992,29,0.068359375,0.0518380337711288,1.1476612012326295e-09,0.0237057875457875,0
993,16,0.0671875,0.0537721005920666,2.31956413825118e-09,0.0201049084249084,0
994,25,0.0791015625,0.0699521473400243,8.890633310290475e-10,0.0208050793650793,0
995,16,0.1231770833333333,0.1060685746803558,9.461555513066503e-10,0.0226055189255189,0
996,26,0.0728125,0.0659208361644859,1.186062322659449e-09,0.0327079853479853,0
997,35,0.0574448529411764,0.045844303884906,1.60953608510986e-09,0.032407912087912,0
998,27,0.0740685096153846,0.0803578221691973,1.5399423099285735e-09,0.029307155067155,0
999,13,0.1591796875,0.1056509445800535,5.429659162317127e-10,0.0206050305250305,0
1000,11,0.16484375,0.0969474275622489,5.42633180819994e-10,0.0192046886446886,0
1001,7,0.2845052083333333,0.1610180172944822,6.238896357085459e-10,0.0183044688644688,0
1002,22,0.087797619047619,0.0872683331016298,1.0576971104229e-09,0.0187045665445665,0
1003,3,0.53125,0.5078125,7.748183033897319e-10,0.0111027106227106,0
1004,10,0.1119791666666666,0.1686185348247882,1.6309757662378995e-09,0.0165040293040293,0
1005,8,0.2075892857142857,0.1582520808764357,4.743868158703322e-10,0.016203956043956,0
1006,12,0.1789772727272727,0.1826416786856991,1.029073507553361e-09,0.033108083028083,0
1007,37,0.05078125,0.0516255927124974,3.5258443249300052e-09,0.0645157509157509,0
1008,5,0.1494140625,0.0429132276224996,5.36675916771212e-10,0.0184044932844932,0
1009,7,0.2063802083333333,0.137227785012306,4.725870684332795e-10,0.0133032478632478,0
1010,18,0.0891544117647058,0.0935893546857737,1.1718785774431946e-09,0.029307155067155,0
1011,13,0.1429036458333333,0.1748489333357828,8.379352682065593e-10,0.0197048107448107,0
1012,9,0.162109375,0.1196677631409405,6.18467996960728e-10,0.013103199023199,0
1013,14,0.137920673076923,0.1461214222637416,7.856220857494323e-10,0.019304713064713,0
1014,72,0.0272337147887323,0.0188306546238812,9.10868032668771e-09,0.1147280097680097,0
1015,37,0.0436197916666666,0.0346278285077401,4.069594413448866e-09,0.074318144078144,0
1016,15,0.1344866071428571,0.1465361834402634,6.84324525031084e-10,0.02240547008547,0
1017,2,0.078125,0.0,3.469835660540789e-10,0.0118028815628815,0
1018,2,0.5625,0.0,2.7322656595922386e-10,0.0134032722832722,0
1019,0,0.0,0.0,2.5512876186525447e-10,0.0138033699633699,0
1020,0,0.0,0.0,2.116671935868364e-10,0.0082020024420024,0
1021,0,0.0,0.0,1.8647916263672895e-10,0.0083020268620268,0
1022,0,0.0,0.0,2.320787595870585e-10,0.0059014407814407,0
1023,0,0.0,0.0,1.9689183023088696e-10,0.0059014407814407,0
1024,0,0.0,0.0,1.9618703373854476e-10,0.0067016361416361,0
1025,0,0.0,0.0,2.0072327771646678e-10,0.0077018803418803,0
1026,5,0.29296875,0.1551474774080898,4.6217169693732185e-10,0.02240547008547,0
1027,1,0.0,0.0,1.7712141274984682e-10,0.011202735042735,0
1028,0,0.0,0.0,2.0171247424567017e-10,0.0107026129426129,0
1029,0,0.0,0.0,2.1674003249667167e-10,0.013103199023199,0
1030,0,0.0,0.0,1.4448069000638824e-10,0.0057013919413919,0
1031,0,0.0,0.0,1.4309105569550852e-10,0.008101978021978,0
1032,0,0.0,0.0,1.283343075066976e-10,0.005001221001221,0
1033,0,0.0,0.0,2.0489374894709142e-10,0.0063015384615384,0
1034,0,0.0,0.0,1.0069069345769206e-10,0.0053012942612942,0
1035,0,0.0,0.0,9.594443323982012e-11,0.0052012698412698,0
1036,0,0.0,0.0,1.5381182716347548e-10,0.0058014163614163,0
1037,0,0.0,0.0,2.4294164517521885e-10,0.0057013919413919,0
1038,0,0.0,0.0,1.1401583425392948e-10,0.0059014407814407,0
1039,0,0.0,0.0,1.4171741068633238e-10,0.0052012698412698,0
1040,0,0.0,0.0,1.7181026242953895e-10,0.0061014896214896,0
1041,0,0.0,0.0,1.5185791714094138e-10,0.0048011721611721,0
1042,0,0.0,0.0,1.2591861147264076e-10,0.0056013675213675,0
1043,0,0.0,0.0,1.3878989451906116e-10,0.0057013919413919,0
1044,0,0.0,0.0,1.5421588315361206e-10,0.0053012942612942,0
1045,0,0.0,0.0,1.4206676202011596e-10,0.0061014896214896,0
1046,0,0.0,0.0,1.3854699119265282e-10,0.0068016605616605,0
1047,3,0.013671875,0.001953125,2.4366259868921265e-10,0.0070017094017094,0
1048,0,0.0,0.0,1.0235652991061644e-10,0.0052012698412698,0
1049,0,0.0,0.0,1.1672022523670875e-10,0.0052012698412698,0
1050,0,0.0,0.0,1.6136300550792306e-10,0.0059014407814407,0
1051,0,0.0,0.0,1.6028338521470388e-10,0.0054013186813186,0
1052,0,0.0,0.0,1.9435233765733991e-10,0.0055013431013431,0
1053,0,0.0,0.0,1.2698697589379823e-10,0.0056013675213675,0
1054,0,0.0,0.0,1.8310485217536495e-10,0.0056013675213675,0
1055,2,0.04296875,0.0,1.8289409109578518e-10,0.0145035409035409,0
1056,6,0.16328125,0.0725090915635756,6.441542889345085e-10,0.0173042246642246,0
1057,4,0.1875,0.0669782351542275,4.4284587766730613e-10,0.0171041758241758,0
1058,14,0.1409254807692307,0.0897648265709466,5.863321636730519e-10,0.0247060317460317,0
1059,53,0.0359074519230769,0.0282000041299709,3.231014921857413e-09,0.0616150427350427,0
1060,36,0.0515625,0.0620716347039565,1.3284333339063762e-09,0.0376091819291819,0
1061,9,0.18896484375,0.1659919273068129,6.424395481400975e-10,0.0198048351648351,0
1062,21,0.0865234375,0.0750292403123973,1.0530377337969484e-09,0.0261063736263736,0
1063,14,0.149639423076923,0.1295863163057952,6.748051746449181e-10,0.019304713064713,0
1064,2,1.18359375,0.0,3.4995365746424576e-10,0.0136033211233211,0
1065,3,0.369140625,0.056640625,3.80892257427571e-10,0.0191046642246642,0
1066,4,0.5559895833333334,0.1756895980200039,4.319752466787722e-10,0.0141034432234432,0
1067,5,0.4033203125,0.2596903526984935,4.888317936409167e-10,0.016203956043956,0
1068,30,0.0658674568965517,0.2070699381800671,2.6148005953079783e-09,0.0299073015873015,0
1069,18,0.0693933823529411,0.0679432504219361,1.1910919090406267e-09,0.0391095482295482,0
1070,30,0.0631734913793103,0.0570335468870296,1.5011160364869154e-09,0.0333081318681318,0
1071,12,0.1594460227272727,0.1698765056808466,8.180576095425567e-10,0.0205050061050061,0
1072,7,0.3053385416666667,0.2071837177701741,5.146261648150385e-10,0.0183044688644688,0
1073,0,0.0,0.0,2.797515800849706e-10,0.0156038095238095,0
1074,3,0.06640625,0.03125,4.431846527442337e-10,0.0122029792429792,0
1075,1,0.0,0.0,2.826679603465317e-10,0.0096023443223443,0
1076,5,0.3544921875,0.2184074990295072,4.358014622337538e-10,0.0183044688644688,0
1077,4,0.6393229166666666,0.8793160695773812,2.947713772118534e-10,0.0138033699633699,0
1078,1,0.0,0.0,4.6386581574882845e-10,0.0085020757020757,0
1079,2,0.05078125,0.0,3.4382916789195406e-10,0.0154037606837606,0
1080,0,0.0,0.0,2.3871702951945623e-10,0.0107026129426129,0
1081,1,0.0,0.0,2.2604051999799478e-10,0.0105025641025641,0
1082,0,0.0,0.0,2.594673339078673e-10,0.0116028327228327,0
1083,0,0.0,0.0,2.604461055940566e-10,0.0086021001221001,0
1084,2,0.0078125,0.0,3.1806238490218565e-10,0.0089021733821733,0
1085,2,1.65625,0.0,3.221117920308053e-10,0.0133032478632478,0
1086,2,0.171875,0.0,2.8684246093243336e-10,0.0113027594627594,0
1087,2,0.171875,0.0,2.0607140096752046e-10,0.0127031013431013,0
1088,0,0.0,0.0,2.0210913192254767e-10,0.0097023687423687,0
1089,0,0.0,0.0,2.198936118593284e-10,0.0080019536019536,0
1090,0,0.0,0.0,2.4588270298120335e-10,0.0104025396825396,0
1091,3,0.439453125,0.400390625,3.1951521294470013e-10,0.0096023443223443,0
1092,0,0.0,0.0,2.0997879414202675e-10,0.0084020512820512,0
1093,1,0.0,0.0,2.6659969457731585e-10,0.0107026129426129,0
1094,0,0.0,0.0,2.3118303256953667e-10,0.0097023687423687,0
1095,4,0.4270833333333333,0.4492961135073919,9.244556462734115e-10,0.0082020024420024,0
1096,0,0.0,0.0,5.458701292263561e-10,0.008101978021978,0
1097,0,0.0,0.0,1.8325573490408652e-10,0.0089021733821733,0
1098,1,0.0,0.0,2.437437751440155e-10,0.0129031501831501,0
1099,0,0.0,0.0,3.1171562446888686e-10,0.009302271062271,0
1100,1,0.0,0.0,1.9839674405265058e-10,0.0091022222222222,0
1101,1,0.0,0.0,2.1492654425346726e-10,0.0075018315018315,0
1102,2,0.04296875,0.0,3.3269408214606245e-10,0.0222054212454212,0
1103,79,0.0240885416666666,0.0141730302007997,8.587919355776497e-09,0.0995242979242979,0
1104,56,0.0322443181818181,0.0259027588329915,6.176955279153081e-09,0.1035252747252747,0
1105,9,0.24072265625,0.2903065074552653,5.317792775668232e-10,0.0269065689865689,0
1106,2,0.859375,0.0,4.10812438572569e-10,0.0114027838827838,0
1107,2,0.01171875,0.0,3.2351124087044417e-10,0.0096023443223443,0
1108,0,0.0,0.0,2.1457131748025744e-10,0.009302271062271,0
1109,24,0.0726902173913043,0.1231108256135128,1.405055940542719e-09,0.0363088644688644,0
1110,38,0.0496199324324324,0.0310894427051214,1.4510088517929632e-09,0.034308376068376,0
1111,19,0.1028645833333333,0.0864194974273183,8.395095825627532e-10,0.0227055433455433,0
1112,5,0.267578125,0.2163917949820345,4.0602047000999605e-10,0.0167040781440781,0
1113,1,0.0,0.0,3.448804505023025e-10,0.0113027594627594,0
1114,7,0.3033854166666667,0.2910323739121312,4.335277300707704e-10,0.0154037606837606,0
1115,3,0.4375,0.12890625,3.3428579569977233e-10,0.0123030036630036,0
1116,22,0.0771949404761904,0.1610628952382922,2.2382324865898583e-09,0.0430105006105006,0
1117,21,0.081640625,0.119475707070844,1.1845288574283535e-09,0.0315076923076923,0
1118,29,0.0516183035714285,0.0491047648064627,3.3833878889052882e-09,0.0794193894993895,0
1119,68,0.0286263992537313,0.0141308078066601,5.697928115882557e-09,0.0706172405372405,0
1120,15,0.1397879464285714,0.2783486673817053,1.3727531769885246e-09,0.0203049572649572,0
1121,21,0.098046875,0.071184908932762,7.003553281040115e-10,0.0252061538461538,0
1122,16,0.1299479166666666,0.2085096909801529,7.290066146650968e-10,0.0302073748473748,0
1123,15,0.1381138392857142,0.2555945208665057,1.4816451662505348e-09,0.0398097191697191,0
1124,26,0.07703125,0.1163171848868429,1.9646063802671515e-09,0.0394096214896214,0
1125,19,0.0720486111111111,0.0785818049392824,1.487031101032074e-09,0.0297072527472527,0
1126,6,0.12890625,0.106919992357019,4.1236199443617023e-10,0.0144035164835164,0
1127,9,0.1259765625,0.1338389505527392,7.936244563777187e-10,0.0227055433455433,0
1128,9,0.20458984375,0.1625081867209857,5.316698659246736e-10,0.0187045665445665,0
1129,1,0.0,0.0,3.173911422995672e-10,0.0090021978021978,0
1130,4,0.1927083333333333,0.1918265297989884,7.243655661023449e-10,0.0163039804639804,0
1131,2,0.52734375,0.0,2.6165026493695215e-10,0.0137033455433455,0
1132,0,0.0,0.0,1.7696284518628837e-10,0.0078019047619047,0
1133,0,0.0,0.0,2.4912926267236016e-10,0.0083020268620268,0
1134,0,0.0,0.0,2.2224985350128434e-10,0.0076018559218559,0
1135,14,0.0844350961538461,0.1220307119568179,1.2853592220021363e-09,0.0229055921855921,0
1136,1,0.0,0.0,3.0888364111807326e-10,0.0096023443223443,0
1137,3,0.416015625,0.314453125,2.9020599771658606e-10,0.0084020512820512,0
1138,0,0.0,0.0,2.649240191364733e-10,0.0090021978021978,0
1139,0,0.0,0.0,2.483523355375461e-10,0.0089021733821733,0
1140,0,0.0,0.0,2.3492263824223533e-10,0.0076018559218559,0
1141,0,0.0,0.0,2.1401157544844584e-10,0.008101978021978,0
1142,12,0.1267755681818181,0.1876210224098123,2.505792776204005e-09,0.0273066666666666,0
1143,12,0.1793323863636363,0.2584866280365556,6.780453749547154e-10,0.0209051037851037,0
1144,10,0.1710069444444444,0.3693135194468504,1.526818572836487e-09,0.0126030769230769,0
1145,3,0.314453125,0.283203125,8.619436356615842e-10,0.015003663003663,0
1146,22,0.0863095238095238,0.1526744196444228,4.81866691689551e-10,0.0147035897435897,0
1147,6,0.02421875,0.00625,4.826186827116887e-10,0.0091022222222222,0
1148,3,0.34375,0.3046875,2.861234053327116e-10,0.0087021245421245,0
1149,3,0.10546875,0.0625,4.6392673536103017e-10,0.0146035653235653,0
1150,2,0.33203125,0.0,3.169558065391398e-10,0.0094022954822954,0
1151,1,0.0,0.0,2.1717810477111068e-10,0.0099024175824175,0
1152,0,0.0,0.0,2.0440525702802487e-10,0.0071017338217338,0
1153,1,0.0,0.0,2.1019077526775559e-10,0.0105025641025641,0
1154,6,0.0390625,0.0162003448072872,1.1599665808685952e-09,0.0330080586080586,0
1155,31,0.0661458333333333,0.0579384654345428,3.6320755734904086e-09,0.0453110622710622,0
1156,27,0.069561298076923,0.0756443551800837,1.7419605160919832e-09,0.0854208547008546,0
1157,7,0.2102864583333333,0.2244243652292467,7.894042736533577e-10,0.0146035653235653,0
1158,9,0.16650390625,0.2526557057032151,2.2702627634647435e-09,0.0151036874236874,0
1159,9,0.154296875,0.2064592629215113,1.1998179953207994e-09,0.0353086202686202,0
1160,11,0.135546875,0.1456360854485097,1.5978077319781184e-09,0.0166040537240537,0
1161,17,0.117919921875,0.1338725699552364,1.5099741882494283e-09,0.0254062026862026,0
1162,4,0.046875,0.0304253162644477,3.9011977568668277e-10,0.0125030525030525,0
1163,5,0.05078125,0.0082864075920298,8.705027520746955e-10,0.0214052258852258,0
1164,1,0.0,0.0,7.287826788341897e-10,0.0084020512820512,0
1165,13,0.0823567708333333,0.157000624842389,1.393657753446272e-09,0.0289070573870573,0
1166,10,0.1540798611111111,0.2911145671610212,1.6961704312107815e-09,0.0305074481074481,0
1167,2,0.125,0.0,2.660153891438232e-10,0.0109026617826617,0
1168,0,0.0,0.0,2.4575332858872234e-10,0.0099024175824175,0
1169,0,0.0,0.0,2.1051946734753507e-10,0.0129031501831501,0
1170,3,0.318359375,0.291015625,4.5301831555408703e-10,0.0104025396825396,0
1171,7,0.1979166666666666,0.1765271596883575,5.315371645041972e-10,0.0238058119658119,0
1172,2,0.08203125,0.0,3.557754870727055e-10,0.0229055921855921,0
1173,4,0.4205729166666667,0.4027080840984743,6.376645839343298e-10,0.0191046642246642,0
1174,7,0.064453125,0.0972844484797833,6.644506365717444e-10,0.0189046153846153,0
1175,3,0.375,0.13671875,2.6722629222629224e-10,0.0152037118437118,0
1176,0,0.0,0.0,3.2574627922613264e-10,0.0118028815628815,0
1177,1,0.0,0.0,2.6043801135948567e-10,0.0092022466422466,0
1178,0,0.0,0.0,1.9007900867447568e-10,0.0069016849816849,0
1179,0,0.0,0.0,1.66723341450047e-10,0.007401807081807,0
1180,0,0.0,0.0,2.3806729816488286e-10,0.0075018315018315,0
1181,0,0.0,0.0,2.339313830671431e-10,0.0098023931623931,0
1182,4,0.15234375,0.0773398041922786,4.5794965939339774e-10,0.0188045909645909,0
1183,12,0.1700994318181818,0.3333482555065363,7.229779677252776e-10,0.0366089377289377,0
1184,43,0.0463169642857142,0.0404117017067093,1.7755361488434403e-09,0.0338082539682539,0
1185,12,0.0919744318181818,0.0821303452518181,5.610105443667714e-10,0.0218053235653235,0
1186,4,0.2486979166666666,0.0341036480565333,3.911354737147433e-10,0.0156038095238095,0
1187,6,0.34765625,0.2342708101748914,3.01621585757632e-10,0.011202735042735,0
1188,4,0.5130208333333334,0.2567515522679734,2.3633208621904816e-10,0.0139033943833943,0
1189,4,0.5,0.638103204716754,4.1539266361267277e-10,0.0189046153846153,0
1190,14,0.0946514423076923,0.1675395192536431,6.730174290842786e-10,0.0211051526251526,0
1191,10,0.15625,0.1532701975996058,1.438423432838783e-09,0.0246060073260073,0
1192,13,0.0716145833333333,0.1328348377865321,7.33642953092644e-10,0.0198048351648351,0
1193,4,0.0221354166666666,0.0120750240826766,4.0747920959831445e-10,0.0116028327228327,0
1194,35,0.0582490808823529,0.0481256233757456,1.7822645606771634e-09,0.0466113797313797,0
1195,8,0.1294642857142857,0.1171024351126449,8.814789231699142e-10,0.027406691086691,0
1196,4,0.18359375,0.1878252387526766,3.0842370584958725e-10,0.0163039804639804,0
1197,4,0.3020833333333333,0.1897738997584069,1.077545762853684e-09,0.0141034432234432,0
1198,8,0.0284598214285714,0.0111885812811179,2.018224984732825e-09,0.0322078632478632,0
1199,3,0.154296875,0.029296875,4.762327550116584e-10,0.0229055921855921,0
1200,12,0.0671164772727272,0.0829781352666755,7.575742462432595e-10,0.0172042002442002,0
1201,0,0.0,0.0,1.2451886504656648e-10,0.0072017582417582,0
1202,0,0.0,0.0,1.932096529166126e-10,0.0060014652014652,0
1203,0,0.0,0.0,1.4356230216034474e-10,0.0071017338217338,0
1204,0,0.0,0.0,3.2269853697423525e-10,0.0079019291819291,0
1205,0,0.0,0.0,1.9513887432986559e-10,0.0051012454212454,0
1206,0,0.0,0.0,1.8396154645153037e-10,0.0096023443223443,0
1207,6,0.26875,0.1974013301785223,4.773695753778171e-10,0.0126030769230769,0
1208,6,0.34453125,0.3329115169605882,4.2087228104999385e-10,0.0153037362637362,0
1209,2,0.109375,0.0,3.4363598246525206e-10,0.0105025641025641,0
1210,2,0.03125,0.0,3.5833588407420824e-10,0.0109026617826617,0
1211,6,0.3421875,0.6277605052511068,5.485142994300503e-10,0.0090021978021978,0
1212,0,0.0,0.0,5.509138780429989e-10,0.0092022466422466,0
1213,2,0.9609375,0.0,2.2773726816910199e-10,0.0104025396825396,0
1214,3,0.044921875,0.005859375,4.42332132831217e-10,0.0097023687423687,0
1215,1,0.0,0.0,6.193643436102801e-10,0.0118028815628815,0
1216,4,0.5611979166666666,0.4294783266120817,2.6923624808240187e-10,0.0128031257631257,0
1217,72,0.0277838908450704,0.0117745388552184,9.687519660505009e-09,0.0901220024420024,0
1218,77,0.026110197368421,0.0109428317287592,8.712439871816302e-09,0.0913222954822954,0
1219,45,0.0431463068181818,0.0399834142931003,3.731769344236434e-09,0.0595145299145299,0
1220,11,0.150390625,0.1635058450849789,7.191495718109729e-10,0.0176042979242979,0
1221,11,0.19609375,0.1671290785777567,5.289587678910595e-10,0.0149036385836385,0
1222,5,0.197265625,0.0535954013047353,3.543805649245782e-10,0.0133032478632478,0
1223,3,0.4140625,0.1484375,3.8067458022958245e-10,0.015003663003663,0
1224,0,0.0,0.0,2.5279533654218855e-10,0.0095023199023199,0
1225,1,0.0,0.0,2.5535409536239433e-10,0.010002442002442,0
1226,0,0.0,0.0,4.5517279009867134e-10,0.010002442002442,0
1227,4,0.3333333333333333,0.2659758202088375,3.4797095609967624e-10,0.0114027838827838,0
1228,8,0.2371651785714285,0.4022419594588541,1.0138549716059443e-09,0.0133032478632478,0
1229,2,0.0546875,0.0,3.6029511396384093e-10,0.0110026862026862,0
1230,1,0.0,0.0,5.486405919684877e-10,0.0111027106227106,0
1231,21,0.073828125,0.0887492778909883,1.2226819891883995e-09,0.0210051282051282,0
1232,3,0.283203125,0.251953125,2.8599092812119357e-10,0.0155037851037851,0
1233,1,0.0,0.0,2.5716252696564045e-10,0.0099024175824175,0
1234,0,0.0,0.0,2.630935509956229e-10,0.0094022954822954,0
1235,3,0.609375,0.4296875,4.733226927838305e-10,0.0205050061050061,0
1236,21,0.094921875,0.1120562809815758,2.2473446572018567e-09,0.0210051282051282,0
1237,27,0.0763221153846153,0.0977717512231006,1.576408251225101e-09,0.0266064957264957,0
1238,56,0.0355823863636363,0.0242367593330882,3.3688715963798956e-09,0.0459112087912087,0
1239,35,0.05859375,0.0490733730692458,3.3803140178655287e-09,0.0674164590964591,0
1240,24,0.08203125,0.1115669813221256,9.972885831820124e-09,0.1214296459096458,0
1241,36,0.0467633928571428,0.0982880709039266,2.273475356663457e-08,0.1355330891330891,0
1242,34,0.0583570075757575,0.0754081296036192,2.8929547259917284e-08,0.1479361172161172,0
1243,25,0.0823567708333333,0.1147030291898504,4.612289623278634e-09,0.0548133821733821,0
1244,31,0.0638020833333333,0.1185825528127861,1.956968310468911e-08,0.1321322588522588,0
1245,37,0.0541449652777777,0.0806932084409652,1.80990845821947e-08,0.1252305738705738,0
1246,71,0.0281808035714285,0.0146142511370318,5.786939758884871e-09,0.0780190476190476,0
1247,56,0.0358664772727272,0.0231287776817241,4.4614451108284095e-09,0.0491119902319902,0
1248,27,0.0709134615384615,0.0946390407015877,2.4261964446329424e-08,0.1370334554334554,0
1249,20,0.0723684210526315,0.0830999118618924,2.981761378121268e-09,0.0320078144078144,0
1250,29,0.0658482142857142,0.0639797133387563,8.797842109326196e-10,0.0271066178266178,0
1251,6,0.23203125,0.2662286339725218,4.557520528688682e-10,0.0205050061050061,0
1252,46,0.0423611111111111,0.0324420594335996,5.751889064715301e-09,0.0797194627594627,0
1253,20,0.1011513157894736,0.1629125126144729,8.475135796668821e-09,0.0739180463980463,0
1254,14,0.1427283653846154,0.1103750574313647,8.908950052393848e-10,0.0227055433455433,0
1255,33,0.0592041015625,0.1137815149896643,3.422675995529704e-09,0.0306074725274725,0
1256,36,0.0537946428571428,0.0563915452665647,5.473067754386435e-09,0.0866211477411477,0
1257,43,0.0472470238095238,0.0612600775273519,1.1644574315008436e-08,0.1226299389499389,0
1258,26,0.07953125,0.1469742018710256,3.144947384155832e-08,0.1391339682539682,0
1259,26,0.06453125,0.1393786784828475,2.60325250344152e-08,0.1468358485958486,0
1260,14,0.1024639423076923,0.1768241886644415,5.996230027698948e-09,0.1575384615384615,0
1261,0,0.0,0.0,2.805118155907991e-10,0.0111027106227106,0
1262,5,0.3896484375,0.503007427244164,4.2285335005687567e-10,0.0257062759462759,0
1263,26,0.07484375,0.1032946048476153,1.3147613470930778e-09,0.0256062515262515,0
1264,36,0.0466517857142857,0.0569673294641368,1.2670838024832987e-09,0.0392095726495726,0
1265,4,0.609375,0.7955207037558273,5.020132397893959e-10,0.0230056166056166,0
1266,21,0.0626953125,0.0987398861884685,9.62451305308448e-10,0.0267065201465201,0
1267,11,0.116015625,0.1581143655329604,9.75145727669766e-10,0.0249060805860805,0
1268,5,0.1669921875,0.2600133188210855,4.712519227228477e-10,0.024305934065934,0
1269,31,0.0481770833333333,0.0544576020895817,4.260931375310095e-09,0.1104269597069597,0
1270,53,0.0364332932692307,0.0361254715275894,7.826057548231598e-09,0.0760185592185592,0
1271,31,0.0580729166666666,0.0878847413154091,2.131112296681493e-09,0.0444108424908424,0
1272,35,0.0545726102941176,0.06612508935789,2.2258649410892998e-09,0.0342083516483516,0
1273,33,0.0550537109375,0.0736923624558518,7.057875448557682e-09,0.1095267399267399,0
1274,16,0.1255208333333333,0.2186005193634549,3.610505082450193e-09,0.067416459096459,0
1275,9,0.095703125,0.1058298217511255,1.1037979710498596e-09,0.0208050793650793,0
1276,19,0.0646701388888889,0.1283871480707382,1.1188905300984628e-09,0.0287070085470085,0
1277,9,0.1337890625,0.2449264696289528,7.161832226521442e-10,0.0144035164835164,0
1278,0,0.0,0.0,3.60749423043379e-10,0.0117028571428571,0
1279,1,0.0,0.0,3.1488594612593004e-10,0.0130031746031746,0
1280,0,0.0,0.0,2.5153064893363656e-10,0.0095023199023199,0
1281,9,0.2109375,0.4156165559527571,1.081483531391956e-09,0.0077018803418803,0
1282,4,0.65234375,0.8867158819703985,9.76113539323246e-10,0.0088021489621489,0
1283,3,0.083984375,0.076171875,1.5431160552855263e-09,0.0068016605616605,0
1284,30,0.0610183189655172,0.1402518914096892,3.366742685150709e-09,0.0785191697191697,0
1285,44,0.0453306686046511,0.0619476153770057,3.4040661272932902e-09,0.0573139926739926,0
1286,12,0.1416903409090909,0.1987069441528687,8.581022100038238e-10,0.0308075213675213,0
1287,4,0.5013020833333334,0.2152418974915522,2.8183259154527467e-10,0.0114027838827838,0
1288,5,0.1298828125,0.1000249831463018,7.646436467078065e-10,0.0210051282051282,0
1289,18,0.0689338235294117,0.1450423270666026,1.8580850495742886e-09,0.0609148717948717,0
1290,27,0.0621995192307692,0.0655785080717967,2.1678631341863943e-09,0.029307155067155,0
1291,11,0.125,0.1056855410817865,9.404038373718432e-10,0.0194047374847374,0
1292,35,0.0553768382352941,0.0500734627723168,2.0316269686361834e-09,0.0417101831501831,0
1293,19,0.0590277777777777,0.1374045849061138,1.5705357958162443e-09,0.0595145299145299,0
1294,7,0.2760416666666667,0.4543282037838639,4.880846245672823e-10,0.0149036385836385,0
1295,1,0.0,0.0,2.5494549288047456e-10,0.0116028327228327,0
1296,14,0.0393629807692307,0.0195889495348637,7.058024928961283e-10,0.0173042246642246,0
1297,12,0.09765625,0.0865006086174726,2.216417937401511e-09,0.0126030769230769,0
1298,1,0.0,0.0,4.795411521158428e-10,0.0198048351648351,0
1299,26,0.058125,0.0845001964679668,3.830824594658157e-09,0.1208294993894993,0
1300,0,0.0,0.0,1.9014961178422714e-10,0.0087021245421245,0
1301,3,0.1171875,0.0859375,6.009228737722901e-10,0.0119029059829059,0
1302,2,0.08984375,0.0,5.541481889367076e-10,0.0079019291819291,0
1303,0,0.0,0.0,2.975744131479021e-10,0.008101978021978,0
1304,9,0.04052734375,0.053450629868824,5.463119874292033e-10,0.0076018559218559,0
1305,2,0.04296875,0.0,2.927431841408489e-10,0.0176042979242979,0
1306,0,0.0,0.0,2.4363372290484236e-10,0.0067016361416361,0
1307,1,0.0,0.0,3.6000682200888244e-10,0.0064015628815628,0
1308,0,0.0,0.0,1.9032261258108327e-10,0.0055013431013431,0
1309,12,0.0617897727272727,0.1214862382683105,4.937562236912624e-10,0.007401807081807,0
1310,26,0.06828125,0.1356818717165266,2.567533890610814e-09,0.0665162393162393,0
1311,15,0.1263950892857142,0.1589787338228485,1.0468467135648912e-09,0.0257062759462759,0
1312,19,0.1015625,0.1368303116260702,9.60021599999851e-10,0.0173042246642246,0
1313,11,0.08125,0.1415852630705258,6.758612133969848e-10,0.0156038095238095,0
1314,13,0.0615234375,0.0527253319792698,8.57948872623781e-10,0.0272066422466422,0
1315,30,0.0674838362068965,0.0705433273469732,1.9122395722684754e-09,0.0327079853479853,0
1316,16,0.1294270833333333,0.1032400189805156,2.2163454264773515e-09,0.0478116727716727,0
1317,36,0.0464285714285714,0.0405495030433953,2.5258863667302882e-09,0.0417101831501831,0
1318,30,0.064520474137931,0.103108164860114,2.0974931406035456e-09,0.0315076923076923,0
1319,11,0.18046875,0.336413180664789,7.57590962331404e-10,0.014303492063492,0
1320,18,0.1151194852941176,0.1466313150701513,9.067550793054455e-10,0.0155037851037851,0
1321,9,0.15625,0.1629426063641735,1.2312513603951331e-09,0.0205050061050061,0
1322,30,0.0639816810344827,0.1109104327461931,2.069301768345953e-09,0.0389094993894993,0
1323,57,0.0343889508928571,0.0243433086675756,5.475974890250589e-09,0.0751183394383394,0
1324,26,0.07921875,0.1632588950007778,2.9300231140217982e-09,0.0309075457875457,0
1325,16,0.1161458333333333,0.1931466720804784,9.50913281705406e-10,0.0282068864468864,0
1326,19,0.10546875,0.1990782797251707,1.129927052421615e-09,0.0415101343101343,0
1327,39,0.0505756578947368,0.0596124936160733,2.9794610844762513e-09,0.0353086202686202,0
1328,51,0.037890625,0.0343239144550213,3.561144347614127e-09,0.0415101343101343,0
1329,30,0.0558997844827586,0.0454166952880881,1.562353205445009e-09,0.0441107692307692,0
1330,11,0.17109375,0.1597918873586047,7.114503130586004e-10,0.0163039804639804,0
1331,7,0.203125,0.1705679468105501,1.1332502840057782e-09,0.0171041758241758,0
1332,27,0.0710637019230769,0.0965564223102775,2.696799399651105e-09,0.0348084981684981,0
1333,38,0.0400126689189189,0.03110987117688,2.868076967802242e-09,0.0342083516483516,0
1334,39,0.046875,0.0476397323618277,3.5583736600806763e-09,0.0676165079365079,0
1335,81,0.023681640625,0.0119977171633843,6.331523001486371e-09,0.0678165567765567,0
1336,13,0.1539713541666666,0.1720410710271574,1.221474079441112e-09,0.0317077411477411,0
1337,11,0.026171875,0.0178195230124328,7.568433273690255e-10,0.0134032722832722,0
1338,8,0.1729910714285714,0.2530050480301979,9.999171253807243e-10,0.0176042979242979,0
1339,1,0.0,0.0,2.580734419562258e-10,0.0060014652014652,0
1340,0,0.0,0.0,1.6347637235915623e-10,0.0060014652014652,0
1341,0,0.0,0.0,1.6098669785139563e-10,0.0085020757020757,0
1342,1,0.0,0.0,5.517889469712386e-10,0.011202735042735,0
1343,12,0.1384943181818181,0.1774999909061806,1.0687822528954051e-09,0.0142034676434676,0
1344,4,0.2591145833333333,0.080075478445426,6.312524482453511e-10,0.0227055433455433,0
1345,12,0.1303267045454545,0.2201108790365617,7.831436141188887e-10,0.0138033699633699,0
1346,11,0.16484375,0.1826254384833887,6.761977813259865e-10,0.0189046153846153,0
1347,4,0.38671875,0.1736414903976005,5.156525852725486e-10,0.0109026617826617,0
1348,1,0.0,0.0,2.1155668710613766e-10,0.0078019047619047,0
1349,4,0.0690104166666666,0.0423527499148192,8.15697929641668e-10,0.0099024175824175,0
1350,0,0.0,0.0,2.083437826355065e-10,0.0089021733821733,0
1351,1,0.0,0.0,3.2913886009696444e-10,0.0086021001221001,0
1352,0,0.0,0.0,2.4769537883090995e-10,0.0076018559218559,0
1353,2,0.22265625,0.0,2.7219716614319404e-10,0.0076018559218559,0
1354,4,0.421875,0.1798855339890945,4.080677528722972e-10,0.0120029304029304,0
1355,31,0.065234375,0.0510524608590577,1.9346546491363907e-09,0.0344084004884004,0
1356,30,0.0594019396551724,0.0614590313566707,1.2116774728396178e-09,0.0367089621489621,0
1357,23,0.076171875,0.0862657567283412,3.0530889169167554e-09,0.069316923076923,0
1358,42,0.0387766768292682,0.0528842385838659,4.8971206957470694e-09,0.0740180708180708,0
1359,50,0.0310905612244897,0.0490434295466817,9.04777205421808e-09,0.1065260073260073,0
1360,28,0.0583043981481481,0.0814256881661426,2.9492999270371636e-09,0.0605147741147741,0
1361,33,0.053466796875,0.1357964057497277,2.138565860269157e-09,0.0683166788766788,0
1362,1,0.0,0.0,2.745145346106885e-10,0.0198048351648351,0
1363,0,0.0,0.0,2.328485271765949e-10,0.0064015628815628,0
1364,5,0.0302734375,0.0190116429042302,2.811063851356892e-10,0.0066016117216117,0
1365,2,0.96875,0.0,1.9621393036929323e-09,0.0289070573870573,0
1366,9,0.16845703125,0.2485802390348988,7.569957108418645e-10,0.019304713064713,0
1367,0,0.0,0.0,3.2658532621902575e-10,0.0064015628815628,0
1368,0,0.0,0.0,2.221511642885841e-10,0.008101978021978,0
1369,0,0.0,0.0,1.6314983792662362e-10,0.0067016361416361,0
1370,0,0.0,0.0,2.0600161374543238e-10,0.0072017582417582,0
1371,3,0.0390625,0.015625,3.465708328860801e-10,0.0070017094017094,0
1372,8,0.0837053571428571,0.1031777703960029,7.795343064631069e-10,0.0395096459096459,0
1373,1,0.0,0.0,2.8903975997039183e-10,0.0101024664224664,0
1374,3,0.083984375,0.076171875,3.8418106216297605e-10,0.0084020512820512,0
1375,2,0.125,0.0,2.511274414433755e-10,0.0126030769230769,0
1376,34,0.0484138257575757,0.0382362835241668,2.680284733846146e-09,0.0816199267399267,0
1377,5,0.150390625,0.0542322006910735,4.2844879733616e-10,0.0186045421245421,0
1378,2,0.58984375,0.0,3.3278838268679147e-10,0.0127031013431013,0
1379,6,0.034375,0.0045554311678478,6.586482904305706e-10,0.0177043223443223,0
1380,7,0.1692708333333333,0.1489278268586741,5.156363816620227e-10,0.0179043711843711,0
1381,3,0.220703125,0.044921875,2.8607205099879087e-10,0.0140034188034188,0
1382,4,0.3567708333333333,0.2473889801682374,3.7845477002986155e-10,0.0155037851037851,0
1383,1,0.0,0.0,2.3935450217644577e-10,0.0109026617826617,0
1384,6,0.2171875,0.1699573418445787,2.8454284515553967e-10,0.0157038339438339,0
1385,15,0.1247209821428571,0.1519100417321308,6.315911679979902e-10,0.0259063247863247,0
1386,11,0.14453125,0.1574950396044269,7.401264192601761e-10,0.020004884004884,0
1387,7,0.1686197916666666,0.1855148912492391,6.311913440247345e-10,0.0121029548229548,0
1388,7,0.3131510416666667,0.1962402013018429,4.61078512293313e-10,0.016203956043956,0
1389,6,0.3265625,0.3489451179089629,5.359572164116576e-10,0.0111027106227106,0
1390,1,0.0,0.0,3.8037910427018705e-10,0.0105025641025641,0
1391,0,0.0,0.0,3.797275542024282e-10,0.010002442002442,0
1392,1,0.0,0.0,2.7829305946436205e-10,0.0084020512820512,0
1393,0,0.0,0.0,2.5788378563676177e-10,0.0087021245421245,0
1394,1,0.0,0.0,2.9236357042131994e-10,0.0094022954822954,0
1395,1,0.0,0.0,3.8367861047004815e-10,0.0083020268620268,0
1396,2,0.6640625,0.0,3.082787166134808e-10,0.009302271062271,0
1397,1,0.0,0.0,3.0749914031879455e-10,0.0087021245421245,0
1398,3,0.390625,0.2109375,3.4139968446287117e-10,0.0132032234432234,0
1399,1,0.0,0.0,2.946125504976809e-10,0.0111027106227106,0
1400,6,0.21328125,0.3544809420564806,4.347910409780831e-10,0.0155037851037851,0
1401,6,0.31640625,0.0641386742242931,5.022800822265681e-10,0.0158038583638583,0
1402,5,0.3486328125,0.3880223353141372,3.886859477518818e-10,0.015003663003663,0
1403,10,0.12109375,0.1468412897189324,8.346130359537523e-10,0.013103199023199,0
1404,1,0.0,0.0,4.6292339736135515e-10,0.0111027106227106,0
1405,11,0.1390625,0.1631503662030444,5.282556579159715e-10,0.0166040537240537,0
1406,11,0.11640625,0.1474349366563943,5.577069086455533e-10,0.0186045421245421,0
1407,1,0.0,0.0,2.777135014371736e-10,0.0180043956043956,0
1408,2,0.6875,0.0,5.9889196689935e-10,0.0168041025641025,0
1409,14,0.1517427884615384,0.1469820963645562,9.045195255603335e-10,0.0273066666666666,0
1410,25,0.0732421875,0.0842809836204618,1.810885359478823e-09,0.0378092307692307,0
1411,6,0.059375,0.0667683144350671,7.208002779445657e-10,0.015003663003663,0
1412,11,0.17265625,0.2836690671335835,5.780580651817488e-10,0.0157038339438339,0
1413,8,0.1741071428571428,0.256216797640545,6.584245357139128e-10,0.0167040781440781,0
1414,4,0.4440104166666667,0.1592911510094975,5.255378400195822e-10,0.0119029059829059,0
1415,27,0.0621995192307692,0.0520812145155803,1.3248741261790712e-09,0.023105641025641,0
1416,39,0.0520148026315789,0.0738341906053416,5.841426787540568e-09,0.0518126495726495,0
1417,25,0.0774739583333333,0.0710828984773847,1.0005883219768292e-09,0.0238058119658119,0
1418,22,0.0788690476190476,0.0909459360445619,8.69304905524285e-10,0.0287070085470085,0
1419,20,0.1044407894736842,0.1155994517003553,1.4120855913796043e-09,0.0261063736263736,0
1420,30,0.0674838362068965,0.0866502607455802,1.781343867264197e-09,0.0260063492063492,0
1421,20,0.0791529605263157,0.0714774890771316,1.1081905104798875e-09,0.0323078876678876,0
1422,22,0.0879836309523809,0.1069065293139575,9.531136066907583e-10,0.0235057387057387,0
1423,34,0.0583570075757575,0.0499683570743163,1.9863671629826046e-09,0.0406099145299145,0
1424,26,0.076875,0.0566039212974684,1.5707912490207016e-09,0.028106862026862,0
1425,23,0.0708451704545454,0.056278789568519,1.6714680828706122e-09,0.034308376068376,0
1426,15,0.1328125,0.169435302424227,6.456165366650713e-10,0.0188045909645909,0
1427,8,0.1975446428571428,0.2249970658645136,8.10631124573432e-10,0.0161039316239316,0
1428,14,0.1114783653846153,0.1311549509226958,8.901003114373077e-10,0.0141034432234432,0
1429,7,0.2688802083333333,0.1338314289418328,4.3145910950398124e-10,0.0163039804639804,0
1430,5,0.2265625,0.3092235464193441,5.808689845377114e-10,0.0128031257631257,0
1431,9,0.2021484375,0.2080582391927704,5.27860063047792e-10,0.0160039072039072,0
1432,4,0.6197916666666666,0.2501694846506008,5.700023345684976e-10,0.0137033455433455,0
1433,8,0.2087053571428571,0.3802406383338023,6.426978828664381e-10,0.0142034676434676,0
1434,3,0.296875,0.1484375,3.0689686555643513e-10,0.0105025641025641,0
1435,15,0.1060267857142857,0.1456419761608084,7.502980732891446e-10,0.0194047374847374,0
1436,18,0.1119025735294117,0.1476611201275716,1.089053235219959e-09,0.0253061782661782,0
1437,31,0.0619791666666666,0.0591272012965244,1.246950380216463e-09,0.0278067887667887,0
1438,35,0.0552619485294117,0.0548933588763778,2.3711247374251034e-09,0.0497121367521367,0
1439,14,0.1231971153846153,0.0908068594592505,6.827910388349949e-10,0.0192046886446886,0
1440,3,0.18359375,0.12890625,3.2542101841695477e-10,0.0163039804639804,0
1441,3,0.51171875,0.3828125,3.124211337710078e-10,0.0134032722832722,0
1442,1,0.0,0.0,3.182130626398598e-10,0.013103199023199,0
1443,2,0.7265625,0.0,3.3807502260026297e-10,0.0140034188034188,0
1444,4,0.2057291666666666,0.0976475690586076,3.94969314121386e-10,0.0137033455433455,0
1445,2,1.4609375,0.0,4.2508724232625324e-10,0.0135032967032967,0
1446,1,0.0,0.0,2.527091051945104e-10,0.0088021489621489,0
1447,0,0.0,0.0,2.4019751854144015e-10,0.0090021978021978,0
1448,0,0.0,0.0,2.025737505376356e-10,0.0070017094017094,0
1449,10,0.0347222222222222,0.0304500724249833,6.048652179203917e-10,0.0107026129426129,0
1450,19,0.0826822916666666,0.1048985518981133,1.902530557992153e-09,0.0237057875457875,0
1451,12,0.1495028409090909,0.2022907564663555,7.951831477372342e-10,0.0184044932844932,0
1452,6,0.31484375,0.2105986862272056,5.453792170152632e-10,0.0170041514041514,0
1453,23,0.0765269886363636,0.1177051722414727,1.0513113504428179e-09,0.0173042246642246,0
1454,13,0.119140625,0.1802703691843431,6.682202658622071e-10,0.0136033211233211,0
1455,11,0.16171875,0.1523757979111594,5.218541741907697e-10,0.0206050305250305,0
1456,12,0.1136363636363636,0.1479362663374211,7.775992765819345e-10,0.0158038583638583,0
1457,2,0.15625,0.0,3.852909209651425e-10,0.0095023199023199,0
1458,2,0.421875,0.0,4.1174791521775257e-10,0.0116028327228327,0
1459,0,0.0,0.0,2.9508270212396816e-10,0.009302271062271,0
1460,2,0.06640625,0.0,3.3242432324535105e-10,0.009302271062271,0
1461,1,0.0,0.0,2.8684008198803287e-10,0.010002442002442,0
1462,0,0.0,0.0,3.6896705523651496e-10,0.0101024664224664,0
1463,0,0.0,0.0,3.1746603799173625e-10,0.0086021001221001,0
1464,2,0.44921875,0.0,3.4587559643077035e-10,0.0089021733821733,0
1465,1,0.0,0.0,3.709583446777241e-10,0.008101978021978,0
1466,6,0.09296875,0.0785690505423414,5.059217761384083e-10,0.0110026862026862,0
1467,3,0.0390625,0.015625,4.1502158555729976e-10,0.010002442002442,0
1468,1,0.0,0.0,2.251168355792898e-10,0.0082020024420024,0
1469,2,0.01171875,0.0,2.9101223973591185e-10,0.0080019536019536,0
1470,2,0.60546875,0.0,7.523071922925973e-10,0.0099024175824175,0
1471,1,0.0,0.0,3.423041369942125e-10,0.0087021245421245,0
1472,2,0.6328125,0.0,3.6278647906538246e-10,0.0102024908424908,0
1473,4,0.4036458333333333,0.3925775851640843,3.034849875738154e-10,0.0085020757020757,0
1474,2,0.04296875,0.0,2.6608269376126517e-10,0.0098023931623931,0
1475,0,0.0,0.0,4.6417019658920984e-10,0.0079019291819291,0
1476,1,0.0,0.0,2.918154132954957e-10,0.0128031257631257,0
1477,12,0.1697443181818181,0.2095940728977165,5.821859512693417e-10,0.0190046398046398,0
1478,20,0.0966282894736842,0.1206042612791353,9.40241372648939e-10,0.0230056166056166,0
1479,11,0.168359375,0.2841508925488852,4.8496857429006e-10,0.0160039072039072,0
1480,10,0.1627604166666666,0.2244725202032286,7.956488221726888e-10,0.0257062759462759,0
1481,1,0.0,0.0,7.567008871267112e-10,0.0083020268620268,0
1482,0,0.0,0.0,3.0007276192172024e-10,0.007401807081807,0
1483,0,0.0,0.0,1.8909370231628703e-10,0.0072017582417582,0
1484,2,1.34375,0.0,4.0748442755225026e-10,0.0090021978021978,0
1485,1,0.0,0.0,3.54931166219227e-10,0.0095023199023199,0
1486,3,0.693359375,0.505859375,2.9146972384724207e-10,0.0102024908424908,0
1487,0,0.0,0.0,2.558026017976224e-10,0.0085020757020757,0
1488,0,0.0,0.0,5.781265088971705e-10,0.0083020268620268,0
1489,0,0.0,0.0,3.189632722199113e-10,0.0083020268620268,0
1490,1,0.0,0.0,2.8657681117044667e-10,0.0073017826617826,0
1491,1,0.0,0.0,2.5804243647793323e-10,0.0077018803418803,0
1492,1,0.0,0.0,3.6058592812398897e-10,0.0089021733821733,0
1493,0,0.0,0.0,4.36967107136521e-10,0.0083020268620268,0
1494,1,0.0,0.0,3.2409348707568715e-10,0.0070017094017094,0
1495,0,0.0,0.0,2.1593411194057937e-10,0.0090021978021978,0
1496,4,0.6028645833333334,0.7733476203387972,5.52850823891632e-10,0.0089021733821733,0
1497,0,0.0,0.0,4.19857287096298e-10,0.0083020268620268,0
1498,10,0.1167534722222222,0.2711426796799427,6.296029970995628e-10,0.0152037118437118,0
1499,1,0.0,0.0,3.0224284839812536e-10,0.0084020512820512,0
1500,0,0.0,0.0,4.1924916659491964e-10,0.0069016849816849,0
1501,9,0.1298828125,0.1951830625783919,1.0989294802610392e-09,0.0170041514041514,0
1502,5,0.4345703125,0.3246581994531602,7.963911786155947e-10,0.0242059096459096,0
1503,8,0.0524553571428571,0.0389986723429824,5.458842992325134e-10,0.0151036874236874,0
1504,3,0.150390625,0.048828125,4.6015785615144575e-10,0.0125030525030525,0
1505,43,0.044828869047619,0.0382185439037871,5.195637483023014e-09,0.0895218559218559,0
1506,28,0.0620659722222222,0.0680275372809482,1.0924570539096634e-09,0.0313076434676434,0
1507,28,0.070167824074074,0.0552169464901692,1.3937637903068303e-09,0.0397096947496947,0
1508,13,0.1243489583333333,0.1094544137544081,7.017106636855375e-10,0.01810442002442,0
1509,29,0.0654296875,0.0604489144890508,1.4677222750540055e-09,0.0277067643467643,0
1510,49,0.0381673177083333,0.0271833041913071,2.9869496729973484e-09,0.0523127716727716,0
1511,61,0.0322265625,0.0202802352925732,4.90870210989831e-09,0.0492120146520146,0
1512,52,0.0373774509803921,0.0260522523900177,2.9151358587484957e-09,0.0628153357753357,0
1513,25,0.0774739583333333,0.1080807602575371,2.446667143154379e-09,0.024305934065934,0
1514,37,0.0498046875,0.0548760931533225,2.565458896103642e-09,0.0536130891330891,0
1515,38,0.0534206081081081,0.0645964766282882,2.953434063604621e-09,0.0309075457875457,0
1516,42,0.0463986280487804,0.0372302280536965,3.960540308298149e-09,0.0372090842490842,0
1517,34,0.0590672348484848,0.0712775573540746,2.418689422816025e-09,0.0449109645909645,0
1518,27,0.072265625,0.0581740779996707,2.207865690517933e-09,0.0361088156288156,0
1519,20,0.0818256578947368,0.0642546871016759,1.5591039779584304e-09,0.0276067399267399,0
1520,6,0.24453125,0.0909611223614242,6.720794645932009e-10,0.016203956043956,0
1521,29,0.0636160714285714,0.0637334443538805,1.987718406313873e-09,0.0279068131868131,0
1522,8,0.2606026785714285,0.2952161883358506,7.30834249620021e-10,0.01810442002442,0
1523,0,0.0,0.0,1.5862687993096646e-10,0.0061014896214896,0
1524,0,0.0,0.0,2.4597262475009725e-10,0.0064015628815628,0
1525,8,0.1579241071428571,0.1656078519232178,6.147659425031792e-10,0.0165040293040293,0
1526,37,0.0542534722222222,0.0620287803777289,2.2516395463510848e-09,0.0405098901098901,0
1527,65,0.03082275390625,0.0163281306581624,3.3222585516441398e-09,0.0557136019536019,0
1528,60,0.0327065677966101,0.0183063789671652,3.9433541011394145e-09,0.0458111843711843,0
1529,49,0.0406087239583333,0.0227595579216663,2.9461963579194e-09,0.0445108669108669,0
1530,33,0.06005859375,0.0499457064535045,1.546053584566634e-09,0.0329080341880341,0
1531,22,0.0892857142857142,0.0660968118069049,1.2266872626762732e-09,0.0267065201465201,0
1532,18,0.1068474264705882,0.0776980657200076,9.245279935541495e-10,0.0263064224664224,0
1533,14,0.1427283653846154,0.0865040245984374,8.571881578349066e-10,0.0229055921855921,0
1534,22,0.0905877976190476,0.083880438589471,9.62678770828954e-10,0.0298072771672771,0
1535,18,0.1079963235294117,0.1066404244812556,9.427732619181794e-10,0.0211051526251526,0
1536,21,0.096484375,0.0705086240431135,9.067937148766476e-10,0.0246060073260073,0
1537,13,0.1455078125,0.1292817782129296,8.10079940335492e-10,0.0202049328449328,0
1538,15,0.1135602678571428,0.1228670586421365,7.95434257111512e-10,0.0168041025641025,0
1539,8,0.1735491071428571,0.2257707952084788,7.221393446911416e-10,0.0273066666666666,0
1540,26,0.07859375,0.0945817272257173,1.1048051899027743e-09,0.0221053968253968,0
1541,12,0.1672585227272727,0.1288450933377793,8.161793231633545e-10,0.0211051526251526,0
1542,21,0.0923828125,0.0914202296334376,1.2195137290890495e-09,0.0205050061050061,0
1543,22,0.0876116071428571,0.0751534136378386,1.1539612603958411e-09,0.0249060805860805,0
1544,17,0.1181640625,0.1275863115962613,9.11201558169564e-10,0.0285069597069597,0
1545,16,0.1106770833333333,0.1340526252514495,1.2586064740039672e-09,0.0246060073260073,0
1546,21,0.092578125,0.1351139068425809,8.88678996109456e-10,0.0184044932844932,0
1547,6,0.38125,0.2973125886850824,9.245002108612453e-10,0.0177043223443223,0
1548,4,0.359375,0.2667142189861182,4.6529966930751036e-10,0.0118028815628815,0
1549,12,0.1075994318181818,0.1057427999461155,5.606908584987795e-10,0.0155037851037851,0
1550,3,0.580078125,0.095703125,3.9899964776481484e-10,0.0140034188034188,0
1551,1,0.0,0.0,5.393983516250571e-10,0.0135032967032967,0
1552,7,0.16796875,0.2548759527732723,7.800789461289116e-10,0.0084020512820512,0
1553,0,0.0,0.0,2.5861721739841017e-10,0.0080019536019536,0
1554,2,0.1328125,0.0,4.5707012026265685e-10,0.010002442002442,0
1555,1,0.0,0.0,4.6293172745210285e-10,0.009302271062271,0
1556,3,0.080078125,0.001953125,3.5513740584854363e-10,0.0094022954822954,0
1557,0,0.0,0.0,2.7371052245136486e-10,0.0111027106227106,0
1558,2,0.87890625,0.0,3.7156316610443206e-10,0.0063015384615384,0
1559,1,0.0,0.0,3.60731807207597e-10,0.007401807081807,0
1560,5,0.1787109375,0.1129228908798741,4.802881534695293e-10,0.0164040048840048,0
1561,8,0.2555803571428571,0.3154911061725506,5.347539748695883e-10,0.0120029304029304,0
1562,1,0.0,0.0,3.0585022028617485e-10,0.0095023199023199,0
1563,2,0.01171875,0.0,3.8677232837031366e-10,0.0084020512820512,0
1564,1,0.0,0.0,4.083892190176531e-10,0.0079019291819291,0
1565,3,0.009765625,0.001953125,3.9981274067812524e-10,0.0071017338217338,0
1566,12,0.1796875,0.3190193547758363,1.2122467032780676e-09,0.0264064468864468,0
1567,17,0.0927734375,0.1628342931296812,7.68802263399333e-10,0.0125030525030525,0
1568,1,0.0,0.0,3.0278048925026937e-10,0.0084020512820512,0
1569,4,0.4231770833333333,0.3337552261737093,4.0039811998517344e-10,0.0111027106227106,0
1570,1,0.0,0.0,3.2233082787684434e-10,0.0078019047619047,0
1571,4,0.0950520833333333,0.0986322753354459,6.908259331565191e-10,0.0109026617826617,0
1572,2,0.6953125,0.0,5.017679546067823e-10,0.0090021978021978,0
1573,0,0.0,0.0,3.4258159761822763e-10,0.0084020512820512,0
1574,1,0.0,0.0,3.2284478935119957e-10,0.0077018803418803,0
1575,3,0.115234375,0.056640625,1.1767082253403224e-09,0.0085020757020757,0
1576,4,0.0182291666666666,0.0066393483249906,8.651345169889125e-10,0.0071017338217338,0
1577,7,0.0638020833333333,0.0705532145007503,6.778635100421385e-10,0.020004884004884,0
1578,14,0.0712139423076923,0.0637670884032237,1.1501274712369607e-09,0.0295072039072039,0
1579,29,0.0643136160714285,0.0808635678615056,2.6885122644280153e-09,0.0568138705738705,0
1580,25,0.0628255208333333,0.0660983658730145,2.0105709410654463e-09,0.035008547008547,0
1581,25,0.0758463541666666,0.1090834835042713,2.1376659862594502e-09,0.0289070573870573,0
1582,9,0.19140625,0.1496277322288656,7.663081186890708e-10,0.0161039316239316,0
1583,66,0.0303485576923076,0.0175064541933698,6.546373351965156e-09,0.0785191697191697,0
1584,60,0.0334348516949152,0.0204848152992276,5.972084447273321e-09,0.0625152625152625,0
1585,42,0.0373475609756097,0.0195797564677065,1.964424073342628e-09,0.038109304029304,0
1586,13,0.1373697916666666,0.1525592203968072,1.0916236837711196e-09,0.0204049816849816,0
1587,23,0.0891335227272727,0.0792325292737698,1.8619742259165331e-09,0.0528128937728937,0
1588,48,0.0377327127659574,0.026910229266646,3.5848735615219126e-09,0.0480117216117216,0
1589,24,0.0818614130434782,0.0623456639444734,1.6304747867534035e-09,0.0435106227106227,0
1590,15,0.1364397321428571,0.1413706690951026,8.927622669438145e-10,0.0276067399267399,0
1591,33,0.059326171875,0.0720636793769611,1.385552230973476e-09,0.0253061782661782,0
1592,19,0.103515625,0.12246680400289,1.676348633771939e-09,0.0253061782661782,0
1593,8,0.2388392857142857,0.3190061323986922,7.972250082369129e-10,0.0195047619047619,0
1594,4,0.2630208333333333,0.3332977275905341,7.839759657081657e-10,0.0130031746031746,0
1595,14,0.0540865384615384,0.0341862083012689,9.308763752802788e-10,0.0275067155067155,0
1596,20,0.0822368421052631,0.1220777460513653,2.208839982101486e-09,0.03620884004884,0
1597,22,0.0833333333333333,0.149307898710388,1.7958408434598906e-09,0.0369090109890109,0
1598,21,0.09375,0.0894266814080465,7.084825382802143e-10,0.0196047863247863,0
1599,11,0.165625,0.3509421610331609,1.090826219678097e-09,0.0138033699633699,0
1600,10,0.1675347222222222,0.1445305983051707,7.119023666542551e-10,0.0315076923076923,0
1601,21,0.0966796875,0.081179309317279,1.1288420487839556e-09,0.0244059584859584,0
1602,10,0.1467013888888889,0.1763648790253505,6.453087932726784e-10,0.0160039072039072,0
1603,4,0.4010416666666667,0.493717996281714,8.540593113409617e-10,0.0109026617826617,0
1604,6,0.2828125,0.2531370560400531,6.319304811764175e-10,0.0141034432234432,0
1605,12,0.12890625,0.1331358863719952,6.094089306772456e-10,0.0154037606837606,0
1606,20,0.0842927631578947,0.086434305138067,1.7775556041710459e-09,0.0488119169719169,0
1607,34,0.055279356060606,0.0654214890705527,1.863805000379233e-09,0.0394096214896214,0
1608,45,0.041015625,0.0615072297825098,7.498329656073475e-09,0.133132503052503,0
1609,42,0.043921493902439,0.0689753685965868,1.6443080633764298e-08,0.1053257142857142,0
1610,30,0.0674838362068965,0.1072271037537182,1.5668403755561778e-08,0.1065260073260073,0
1611,27,0.064453125,0.1123513829552316,7.968499150941059e-09,0.1306318925518925,0
1612,32,0.0558215725806451,0.0503010557220301,4.390233404204328e-09,0.0678165567765567,0
1613,22,0.0840773809523809,0.1040267315812045,1.5893705194314741e-09,0.0242059096459096,0
1614,40,0.0382612179487179,0.0477530238457968,7.187325177578154e-09,0.1146279853479853,0
1615,28,0.0520833333333333,0.0813914922732566,1.3554053881990006e-08,0.0999243956043955,0
1616,40,0.0467748397435897,0.0895907599353841,1.1802926992042433e-08,0.1318321855921856,0
1617,29,0.0489676339285714,0.0878719110958449,2.0053963324865342e-08,0.1552378998778998,0
1618,11,0.15546875,0.3205544056055461,8.733063034001677e-09,0.1230300366300366,0
1619,31,0.0614583333333333,0.13475876844474,1.009742888988682e-08,0.1077263003663003,0
1620,39,0.0444078947368421,0.0928869136020351,1.5756797493816726e-08,0.1584386813186813,0
1621,32,0.0575856854838709,0.0944507566749768,1.2511085766763424e-08,0.1301317704517704,0
1622,19,0.060546875,0.0846078681126713,1.1118751307982648e-09,0.0230056166056166,0
1623,36,0.04921875,0.080819601803735,1.1064751519170017e-08,0.1216296947496947,0
1624,19,0.0894097222222222,0.1722685720769858,2.3561378987238933e-08,0.1551378754578754,0
1625,22,0.0866815476190476,0.1760543474103917,1.4283021439454591e-08,0.0926226129426129,0
1626,49,0.0310872395833333,0.0527280952890372,1.073450942054994e-08,0.1044254945054945,0
1627,34,0.0454545454545454,0.0748102314672247,1.4393267264718731e-08,0.0960234432234432,0
1628,28,0.0549768518518518,0.0879391643610233,2.6084111889331668e-08,0.1444352625152625,0
1629,25,0.0675455729166666,0.130443208571267,2.5236471130714776e-08,0.176943199023199,0
1630,16,0.0932291666666666,0.180714156437191,1.3334155866899688e-08,0.1098268131868131,0
1631,22,0.0411086309523809,0.033724117361338,3.586144044204083e-09,0.0613149694749694,0
1632,34,0.0422585227272727,0.0691283824967358,1.1748045652042048e-08,0.1291315262515262,0
1633,21,0.08984375,0.2128314854783885,1.2297463528132598e-09,0.0346084493284493,0
1634,27,0.0724158653846153,0.1252262393043438,2.581824014067604e-08,0.1436350671550671,0
1635,35,0.044921875,0.0897850371615049,2.8759778685608584e-08,0.1883459829059829,0
1636,27,0.0515324519230769,0.1364610347075208,2.101269660272064e-08,0.1398341391941392,0
1637,32,0.0549395161290322,0.0914318545043938,1.4597674445867269e-08,0.1542376556776556,0
1638,41,0.041796875,0.0928595406358946,9.32815680564221e-09,0.1439351404151404,0
1639,34,0.0499526515151515,0.0969351099927893,2.2862305588703536e-08,0.128831452991453,0
1640,36,0.0484375,0.0899489872789015,2.3129539013686512e-08,0.1287314285714285,0
1641,23,0.08984375,0.2131942098868104,1.4278440010674442e-08,0.1268309645909646,0
1642,19,0.0822482638888889,0.0762522081535217,1.0147731852678335e-08,0.1246304273504273,0
1643,31,0.0619791666666666,0.1452464474279883,1.7127398157069915e-08,0.1146279853479853,0
1644,30,0.0534752155172413,0.0917480178142953,2.072586595672676e-08,0.1405343101343101,0
1645,32,0.0526713709677419,0.0986460472882734,2.1493408931585725e-08,0.1249305006105006,0
1646,10,0.125,0.0771861996629111,4.47791975970204e-09,0.0251061294261294,0
1647,20,0.0567434210526315,0.0911823585468779,1.8551348692008028e-08,0.1039253724053724,0
1648,20,0.0789473684210526,0.126669432187251,8.525606260440565e-09,0.0890217338217338,0
1649,25,0.0812174479166666,0.1332902481084704,3.442039716596149e-08,0.178143492063492,0
1650,30,0.06640625,0.1237350122084628,3.087283318639202e-08,0.1686411721611721,0
1651,20,0.1021792763157894,0.1973587836874043,2.0474747106271832e-08,0.1234301343101343,0
1652,29,0.0680803571428571,0.1079478224977943,9.695699325094927e-09,0.1310319902319902,0
1653,24,0.0748980978260869,0.1473728813349708,2.420897279125873e-08,0.126930989010989,0
1654,29,0.0588727678571428,0.1206515930879505,1.949310346755401e-08,0.1111271306471306,0
1655,23,0.077059659090909,0.1394719826373486,2.4991837223294694e-08,0.1370334554334554,0
1656,32,0.0572076612903225,0.1072185731400286,3.1450478196942546e-08,0.1229300122100122,0
1657,21,0.0982421875,0.1795272510637638,5.1939968738632325e-09,0.0623152136752136,0
1658,37,0.0552300347222222,0.1115322080803491,1.5776710780740082e-08,0.1018248595848595,0
1659,40,0.0490785256410256,0.0896008372709384,2.9382192928535645e-08,0.1866455677655677,0
1660,29,0.0616629464285714,0.0992084079104967,2.273640282268945e-08,0.1609392918192917,0
1661,30,0.044989224137931,0.0891389184689855,2.216287407139055e-08,0.1454355067155067,0
1662,5,0.1337890625,0.098835651578513,6.383072355270728e-10,0.0113027594627594,0
1663,12,0.123934659090909,0.1018092897173588,8.98040201726099e-10,0.0265064713064713,0
1664,23,0.0680042613636363,0.1009436668251687,1.2815362280095853e-08,0.0801195604395604,0
1665,30,0.0680226293103448,0.1134345037650965,1.860053396382523e-08,0.0932227594627594,0
1666,38,0.0515202702702702,0.0700647723883094,3.5276151656010854e-08,0.1314320879120879,0
1667,48,0.0408909574468085,0.0607394739563178,2.8627151026385517e-08,0.1745426129426129,0
1668,66,0.0302283653846153,0.0208989505359938,6.3218972456051785e-09,0.0708172893772893,0
1669,33,0.037353515625,0.0352502202777878,1.7341607815018127e-08,0.1110271062271062,0
1670,42,0.0447789634146341,0.0603496897339449,1.3342574245893842e-08,0.1126274969474969,0
1671,62,0.0324026639344262,0.0234944690817252,6.5846296943881645e-09,0.0628153357753357,0
1672,50,0.0393016581632653,0.0222292763418626,4.780375041720337e-09,0.0855208791208791,0
1673,21,0.089453125,0.0979051515558393,1.0994431674433962e-09,0.0201049084249084,0
1674,37,0.0543619791666666,0.1269159768032161,1.700339403153191e-08,0.0876213919413919,0
1675,34,0.0587121212121212,0.0443975686564335,1.4180918389709602e-09,0.0307074969474969,0
1676,48,0.0413065159574468,0.0711558497014671,1.7083671456166017e-08,0.1286314041514041,0
1677,25,0.0826822916666666,0.0885153338599703,2.2821119821134128e-09,0.0478116727716727,0
1678,20,0.0962171052631579,0.1358803624904458,8.629066649671046e-09,0.1063259584859585,0
1679,18,0.0948988970588235,0.1477937175331136,1.5273898468959135e-08,0.1228299877899877,0
1680,22,0.0725446428571428,0.1064703285273305,3.243438712708401e-08,0.1098268131868132,0
1681,22,0.0842633928571428,0.1629317762900203,2.489035839458373e-08,0.1687411965811965,0
1682,20,0.0513980263157894,0.11191011138697,3.6216549167195924e-08,0.2258551404151404,0
1683,21,0.08828125,0.1690300771821024,1.5984178655265247e-08,0.1199292796092796,0
1684,19,0.1104600694444444,0.3164003706253405,2.239406749852033e-09,0.0428104517704517,1
1685,26,0.076875,0.1565494006496032,2.0696062755586566e-09,0.0377092063492063,1
1686,30,0.0608836206896551,0.1087067662329334,2.722604040760233e-09,0.051212503052503,1
1687,13,0.0794270833333333,0.0678896310741078,1.264234270850571e-09,0.0170041514041514,1
1688,31,0.0643229166666666,0.0848698675782109,3.809366951771942e-09,0.0283069108669108,1
1689,31,0.059765625,0.0888884332433254,7.3836953638292925e-09,0.0452110378510378,0
1690,16,0.09140625,0.0718551829564738,1.3515084260405342e-09,0.0286069841269841,0
1691,44,0.0413335755813953,0.0448179374402035,6.036758414602965e-09,0.0908221733821733,0
1692,43,0.0464099702380952,0.0323603248610195,3.2942400846762103e-09,0.0586143101343101,0
1693,20,0.0867598684210526,0.1159444693308126,1.1324529130905042e-09,0.0277067643467643,0
1694,18,0.07421875,0.0682526083252393,1.3457636590892655e-09,0.014303492063492,0
1695,19,0.0831163194444444,0.1005711293674022,9.921611697152562e-10,0.0353086202686202,0
1696,18,0.0618106617647058,0.077632122813207,8.530786673643814e-10,0.0161039316239316,0
1697,17,0.10546875,0.1551351831430514,2.8341094061446628e-08,0.1137277655677655,0
1698,19,0.1019965277777777,0.1766274428526689,1.8941345909254563e-08,0.1057258119658119,0
1699,25,0.0660807291666666,0.1077936079147591,2.106752321011135e-08,0.1482361904761904,0
1700,39,0.0491365131578947,0.0486211202434712,4.728288428530244e-09,0.0659160927960927,0
1701,40,0.0430689102564102,0.0574677272253765,1.621238311550239e-08,0.1317321611721611,0
1702,39,0.0387541118421052,0.0225001281189844,7.218553492204191e-09,0.135733137973138,0
1703,20,0.0960115131578947,0.1563954698525225,1.0370280616321425e-08,0.070017094017094,0
1704,31,0.0623697916666666,0.0721933290771235,3.286223305856146e-09,0.0357087179487179,0
1705,9,0.1396484375,0.2197743003697824,2.6905849773615342e-08,0.0946231013431013,0
1706,29,0.0689174107142857,0.0756025129893479,3.0981100174838723e-09,0.0449109645909645,0
1707,30,0.0635775862068965,0.0843237027256979,5.078813147958065e-09,0.0771188278388278,0
1708,25,0.0458984375,0.0404419516422825,3.113026526493788e-09,0.0575140415140415,0
1709,32,0.0558215725806451,0.0900008135161304,1.4072282544914469e-08,0.1120273504273504,0
1710,28,0.0496238425925925,0.0858573306535849,2.58446476814208e-08,0.1452354578754578,0
1711,24,0.0840692934782608,0.1500328561605549,1.94046634525701e-08,0.1310319902319902,0
1712,17,0.11669921875,0.1902562060352737,1.2844720520214169e-08,0.085020757020757,0
1713,31,0.061328125,0.084041284013393,3.291235619353894e-08,0.1554379487179487,0
1714,39,0.0499588815789473,0.0783208784901333,2.0893843522506525e-08,0.138133724053724,0
1715,33,0.0595703125,0.0857430773017611,5.519793521602702e-08,0.1463357264957265,0
1716,19,0.0868055555555555,0.1335924527046967,2.4959410542652297e-08,0.1502366788766788,0
1717,29,0.0485491071428571,0.1080890834457407,2.6519392749429377e-08,0.1416345787545787,0
1718,28,0.0675636574074074,0.1478187289427986,1.1302865791149904e-08,0.1110271062271062,0
1719,40,0.0501802884615384,0.0657432879534817,2.49155369563451e-09,0.02240547008547,0
1720,15,0.1350446428571428,0.1356359729114673,1.2745509181921727e-09,0.0251061294261294,0
1721,36,0.0393973214285714,0.0352166077680875,3.146823504734733e-09,0.061214945054945,0
1722,22,0.0677083333333333,0.0934031696235953,1.3987733749194942e-09,0.0505123321123321,0
1723,10,0.1115451388888889,0.1004059264561382,7.480639009041594e-10,0.0201049084249084,0
1724,28,0.0729166666666666,0.145499680320541,4.273080491784704e-09,0.0729178021978022,0
1725,26,0.07484375,0.1319904707734615,1.2010136210960385e-08,0.1180288156288156,0
1726,12,0.1228693181818181,0.1786295718460059,2.508064792731688e-09,0.0529129181929181,0
1727,21,0.081640625,0.1308850254711291,2.2457738502890747e-08,0.1161283516483516,0
1728,28,0.072193287037037,0.1153127939111722,2.581791985089976e-08,0.1198292551892551,0
1729,21,0.053125,0.1144364588975034,2.4078107494230437e-08,0.1263308424908424,0
1730,27,0.0567908653846153,0.0434202509412277,2.193498242458006e-09,0.0921224908424908,0
1731,22,0.0706845238095238,0.1086277671989003,9.509434246489248e-09,0.0989241514041514,0
1732,22,0.0699404761904761,0.1295887683214516,2.315020078348976e-08,0.1754428327228327,0
1733,40,0.0475761217948717,0.0781644121084269,2.878826913980445e-08,0.1563381684981685,0
1734,28,0.0571469907407407,0.0814966052883515,4.028547625150761e-08,0.1758429304029304,0
1735,18,0.0689338235294117,0.1236277298525926,2.5299369855190595e-08,0.1284313553113553,0
1736,43,0.0407366071428571,0.038236646234656,3.0179453583085103e-09,0.0437106715506715,0
1737,18,0.107766544117647,0.1690370801937498,1.3760896741140844e-08,0.1490363858363858,0
1738,21,0.082421875,0.1238589275569059,2.066491909003356e-08,0.1427348473748473,0
1739,24,0.0721807065217391,0.1140538308038627,3.639424962607769e-08,0.1360332112332112,0
1740,18,0.1073069852941176,0.1633778477755194,1.1038974304931264e-08,0.1286314041514041,0
1741,42,0.0456364329268292,0.055835344857289,1.4873070288821204e-08,0.1304318437118437,0
1742,28,0.0669849537037037,0.1070863800536535,2.5302855580615712e-08,0.2129519902319902,0
1743,35,0.056985294117647,0.1107050402729038,2.765286351935991e-08,0.1611393406593406,0
1744,29,0.0700334821428571,0.0993103693021666,2.8641431513981882e-08,0.1152281318681318,0
1745,32,0.0637600806451613,0.1227204695984383,3.166789098268608e-08,0.1325323565323565,0
1746,19,0.0824652777777777,0.133206936300512,2.6946103583746667e-08,0.1353330402930403,0
1747,28,0.0690104166666666,0.1486809650534087,1.8680891160841937e-08,0.1328324297924298,0
1748,41,0.04921875,0.100337412940273,9.449295865069676e-09,0.1333325518925519,0
1749,29,0.0652901785714285,0.1024698541039252,1.848620084070089e-08,0.0885216117216117,0
1750,40,0.0482772435897435,0.0857209136035121,2.8566044798370802e-08,0.1570383394383394,0
1751,18,0.1034007352941176,0.1933593408675828,2.5098120483674513e-08,0.1518370695970696,0
1752,32,0.0522933467741935,0.0784499129417185,2.875842571907132e-08,0.1296316483516483,0
1753,25,0.0804036458333333,0.1378898719044197,2.2853623635481747e-08,0.0939229304029303,0
1754,30,0.0660021551724138,0.1030250749979313,2.5728691888765145e-08,0.1497365567765567,0
1755,25,0.0808919270833333,0.1379570003665181,1.9966433977950976e-08,0.1203293772893772,0
1756,34,0.045217803030303,0.0826295500873352,2.0307030223880043e-08,0.1322322832722832,0
1757,26,0.0765625,0.1571109095213473,3.6073170249910174e-09,0.0505123321123321,0
1758,32,0.063508064516129,0.0757057877801371,1.2656246948428722e-09,0.0239058363858363,0
1759,20,0.0974506578947368,0.1281249604122971,1.046940922674954e-09,0.0236057631257631,0
1760,19,0.0852864583333333,0.1769743939572514,2.212978446775379e-09,0.0488119169719169,0
1761,28,0.0603298611111111,0.064435220694082,1.0998542601006543e-09,0.0229055921855921,0
1762,20,0.0993009868421052,0.295593548248071,2.2980068068209084e-09,0.0406099145299145,0
1763,28,0.0607638888888888,0.0740726612097606,3.7120503655316493e-09,0.056213724053724,0
1764,29,0.0583147321428571,0.0661837179635396,1.666744292466877e-09,0.0327079853479853,0
1765,27,0.0542367788461538,0.0559429105227926,2.042274649148504e-09,0.0369090109890109,0
1766,18,0.0990349264705882,0.1849306047441644,2.190543813645061e-09,0.0360087912087912,0
1767,25,0.0729166666666666,0.1245243772500545,2.2306353803506387e-09,0.0258063003663003,0
1768,12,0.1502130681818181,0.1365549306320824,4.410661261751578e-10,0.0191046642246642,0
1769,7,0.296875,0.2144764853321143,4.3489551361718247e-10,0.0178043467643467,0
1770,8,0.1635044642857142,0.1103952055256985,4.5145636588516623e-10,0.0232056654456654,0
1771,4,0.30859375,0.3785772304313106,4.2560387974908347e-10,0.0148036141636141,0
1772,0,0.0,0.0,2.8809513035846594e-10,0.0104025396825396,0
1773,33,0.0513916015625,0.0399569157192146,2.3176210065647452e-09,0.0465113553113553,0
1774,44,0.045875726744186,0.0390542598799389,4.459829133788897e-09,0.0787192185592185,0
1775,35,0.0552619485294117,0.0486981943431027,1.839463718727684e-09,0.0361088156288156,0
1776,45,0.0436789772727272,0.0245683721038222,2.8869903153843164e-09,0.0840205128205128,0
1777,27,0.0647536057692307,0.1271283142055916,1.5396331531462023e-09,0.0256062515262515,0
1778,38,0.0514146959459459,0.086179564992703,2.1003957818060373e-09,0.0441107692307692,0
1779,38,0.0500422297297297,0.0310890841910648,3.439388353652604e-09,0.0661161416361416,0
1780,40,0.043369391025641,0.0381380480717997,3.9915034419627475e-09,0.0706172405372405,0
1781,9,0.17822265625,0.2148698270750927,7.648761950745123e-10,0.0170041514041514,0
1782,15,0.1297433035714285,0.1984852709577944,1.0544125231453526e-09,0.0159038827838827,0
1783,12,0.1608664772727272,0.1324550062240456,8.23584899627997e-10,0.0171041758241758,0
1784,39,0.0496504934210526,0.043644763501821,2.221607761557395e-09,0.0385094017094017,0
1785,27,0.0724158653846153,0.0804800593104085,1.1734910399344922e-09,0.0216052747252747,0
1786,28,0.0635127314814814,0.0790997680880188,1.2591545129105222e-09,0.0260063492063492,0
1787,42,0.0474466463414634,0.0496102450321741,4.1113445400075434e-09,0.084320586080586,0
1788,32,0.059601814516129,0.0439592998789866,2.0023300068644043e-09,0.0375091575091575,0
1789,33,0.0611572265625,0.0589233031745956,1.4626306142389015e-09,0.023105641025641,0
1790,28,0.0729166666666666,0.0733494103273528,1.897335917129014e-09,0.028106862026862,0
1791,19,0.1095920138888889,0.073339457657548,9.048629973781643e-10,0.023105641025641,0
1792,15,0.1286272321428571,0.114957050199911,8.029237820689858e-10,0.0279068131868131,0
1793,32,0.0560735887096774,0.0580879410283884,4.189162719657225e-09,0.101224713064713,0
1794,56,0.0335227272727272,0.0206926151106814,4.985554607006072e-09,0.0610148962148962,0
1795,27,0.064453125,0.0499569046926684,1.2314430776899295e-09,0.0282068864468864,0
1796,28,0.0711805555555555,0.0663281925949211,1.258230413268474e-09,0.0223054456654456,0
1797,32,0.0530493951612903,0.0413371755511606,2.426038251702171e-09,0.0752183638583638,0
1798,38,0.0532094594594594,0.0395905123871371,1.7828818865577674e-09,0.0333081318681318,0
1799,15,0.1303013392857142,0.1120099455529829,1.0103719413472159e-09,0.0209051037851037,0
